# Camera configuration for phepex C++ microbenchmarks: FlashCam
# Exported from ctapipe 0.31.0
# scripts/export-camera-config.py. Do not edit by hand.
#
# Neighbour adjacency: 10248 directed edges, degree min/mean/max = 2/5.81/6.

name FlashCam
num_pixels 1764
num_samples 22
sampling_rate_ghz 0.25
ref_sample_width_ns 0.1000000014901161
num_reference_pulse 1480
neighbor_nnz 10248

reference_pulse
-0.0 0.0 -0.0 0.0 -0.0 0.0 -0.0 0.0 -0.0 0.0 -0.0 0.0 -0.0 0.0 -0.0 0.0
-0.0 0.0 -0.0 0.0 -0.0 0.0 -0.0 0.0 -0.0 0.0 -0.0 0.0 -0.0 0.0 -0.0 0.0
-0.0 0.0 -0.0 0.0 -0.0 0.0 -5.960464477539063e-08 5.960464477539062e-07 4.172325134277344e-06 9.894371032714844e-06 1.5914440155029297e-05 2.1755695343017578e-05 2.8252601623535156e-05 3.522634506225586e-05 4.267692565917969e-05 5.066394805908203e-05
5.906820297241211e-05 6.80685043334961e-05 7.742643356323242e-05 8.791685104370117e-05 9.900331497192383e-05 0.00010973215103149414 0.00012183189392089844 0.0001342296600341797 0.00014698505401611328 0.00016117095947265625 0.0001748800277709961 0.00018978118896484375 0.00020587444305419922 0.00022172927856445312 0.00023806095123291016 0.00025534629821777344
0.0002739429473876953 0.00029277801513671875 0.0003120899200439453 0.0003325939178466797 0.0003535747528076172 0.00037479400634765625 0.0003972053527832031 0.0004200935363769531 0.0004439353942871094 0.00046944618225097656 0.0004987716674804688 0.0005388259887695312 0.0005950927734375 0.00067138671875 0.0007739067077636719 0.0009069442749023438
0.00107574462890625 0.0012874603271484375 0.0015459060668945312 0.0018548965454101562 0.0022220611572265625 0.002651214599609375 0.0031490325927734375 0.003719329833984375 0.004367828369140625 0.005096435546875 0.005916595458984375 0.006832122802734375 0.007843017578125 0.0089569091796875 0.01020050048828125 0.01158905029296875
0.01314544677734375 0.01488494873046875 0.016845703125 0.0190277099609375 0.021484375 0.0242156982421875 0.0272369384765625 0.0305938720703125 0.0343017578125 0.038360595703125 0.042816162109375 0.04766845703125 0.052947998046875 0.058685302734375 0.06488037109375 0.071533203125
0.0787353515625 0.08642578125 0.0946044921875 0.1033935546875 0.1126708984375 0.12249755859375 0.1328125 0.1434326171875 0.154541015625 0.166015625 0.177734375 0.189697265625 0.2021484375 0.2149658203125 0.2283935546875 0.24267578125
0.2578125 0.273681640625 0.2900390625 0.306640625 0.323486328125 0.34033203125 0.35693359375 0.374267578125 0.391845703125 0.409912109375 0.42822265625 0.44677734375 0.465576171875 0.48388671875 0.501953125 0.51953125
0.53662109375 0.5537109375 0.57080078125 0.587890625 0.60498046875 0.62158203125 0.638671875 0.6552734375 0.671875 0.68798828125 0.7041015625 0.7197265625 0.7353515625 0.75 0.76416015625 0.77783203125
0.791015625 0.8037109375 0.8154296875 0.82666015625 0.837890625 0.8486328125 0.85888671875 0.869140625 0.87939453125 0.8896484375 0.8994140625 0.90869140625 0.9169921875 0.92529296875 0.9326171875 0.93994140625
0.9462890625 0.953125 0.958984375 0.96484375 0.9697265625 0.974609375 0.97900390625 0.982421875 0.9853515625 0.98828125 0.990234375 0.9921875 0.994140625 0.99560546875 0.99658203125 0.99755859375
0.99853515625 0.99951171875 0.99951171875 0.99951171875 0.99951171875 0.99853515625 0.99755859375 0.99658203125 0.99462890625 0.9931640625 0.99072265625 0.98876953125 0.986328125 0.98388671875 0.98095703125 0.97802734375
0.97509765625 0.97216796875 0.96875 0.96533203125 0.96142578125 0.9580078125 0.9541015625 0.9501953125 0.94580078125 0.94140625 0.93701171875 0.9326171875 0.92822265625 0.92333984375 0.91845703125 0.91357421875
0.90869140625 0.90380859375 0.8984375 0.8935546875 0.88818359375 0.88330078125 0.8779296875 0.873046875 0.86767578125 0.8623046875 0.857421875 0.85205078125 0.8466796875 0.84130859375 0.83642578125 0.8310546875
0.82568359375 0.8203125 0.81494140625 0.8095703125 0.8046875 0.79931640625 0.7939453125 0.78857421875 0.783203125 0.7783203125 0.77294921875 0.767578125 0.7626953125 0.75732421875 0.751953125 0.7470703125
0.74169921875 0.73681640625 0.7314453125 0.7265625 0.7216796875 0.71630859375 0.71142578125 0.70654296875 0.70166015625 0.69677734375 0.69189453125 0.68701171875 0.68212890625 0.677734375 0.6728515625 0.66845703125
0.66357421875 0.6591796875 0.65478515625 0.64990234375 0.6455078125 0.64111328125 0.63671875 0.63232421875 0.62841796875 0.6240234375 0.61962890625 0.61572265625 0.611328125 0.607421875 0.60302734375 0.59912109375
0.59521484375 0.5908203125 0.5869140625 0.5830078125 0.5791015625 0.5751953125 0.5712890625 0.5673828125 0.5634765625 0.5595703125 0.55615234375 0.55224609375 0.54833984375 0.544921875 0.541015625 0.53759765625
0.53369140625 0.5302734375 0.5263671875 0.52294921875 0.51953125 0.51611328125 0.51220703125 0.5087890625 0.50537109375 0.501953125 0.498779296875 0.495361328125 0.491943359375 0.48876953125 0.4853515625 0.482177734375
0.478759765625 0.4755859375 0.472412109375 0.468994140625 0.4658203125 0.462646484375 0.45947265625 0.45654296875 0.453369140625 0.4501953125 0.447265625 0.444091796875 0.441162109375 0.438232421875 0.43505859375 0.43212890625
0.42919921875 0.42626953125 0.42333984375 0.420654296875 0.417724609375 0.414794921875 0.412109375 0.4091796875 0.406494140625 0.40380859375 0.401123046875 0.398193359375 0.3955078125 0.392822265625 0.39013671875 0.3876953125
0.385009765625 0.38232421875 0.3798828125 0.377197265625 0.374755859375 0.3720703125 0.36962890625 0.3671875 0.36474609375 0.3623046875 0.35986328125 0.357421875 0.35498046875 0.3525390625 0.350341796875 0.347900390625
0.345703125 0.34326171875 0.341064453125 0.3388671875 0.33642578125 0.334228515625 0.33203125 0.329833984375 0.32763671875 0.325439453125 0.3232421875 0.3212890625 0.319091796875 0.31689453125 0.31494140625 0.312744140625
0.310791015625 0.30859375 0.306640625 0.3046875 0.302734375 0.300537109375 0.298583984375 0.296630859375 0.294677734375 0.292724609375 0.290771484375 0.2890625 0.287109375 0.28515625 0.283447265625 0.281494140625
0.279541015625 0.27783203125 0.27587890625 0.274169921875 0.2724609375 0.2705078125 0.268798828125 0.26708984375 0.265380859375 0.263671875 0.261962890625 0.26025390625 0.258544921875 0.2568359375 0.255126953125 0.25341796875
0.251708984375 0.25 0.24853515625 0.2469482421875 0.2452392578125 0.24365234375 0.2420654296875 0.240478515625 0.2388916015625 0.2373046875 0.23583984375 0.2342529296875 0.2327880859375 0.231201171875 0.229736328125 0.2281494140625
0.2266845703125 0.2252197265625 0.2237548828125 0.2222900390625 0.2208251953125 0.2193603515625 0.2178955078125 0.2164306640625 0.2149658203125 0.213623046875 0.212158203125 0.2108154296875 0.2093505859375 0.2080078125 0.20654296875 0.2052001953125
0.203857421875 0.2025146484375 0.201171875 0.1998291015625 0.198486328125 0.1971435546875 0.19580078125 0.194580078125 0.1932373046875 0.19189453125 0.190673828125 0.1893310546875 0.1881103515625 0.1868896484375 0.185546875 0.184326171875
0.18310546875 0.181884765625 0.1806640625 0.179443359375 0.17822265625 0.177001953125 0.17578125 0.1746826171875 0.1734619140625 0.1722412109375 0.171142578125 0.1700439453125 0.1688232421875 0.167724609375 0.1666259765625 0.1654052734375
0.164306640625 0.1632080078125 0.162109375 0.1611328125 0.1600341796875 0.158935546875 0.1578369140625 0.1568603515625 0.15576171875 0.15478515625 0.1536865234375 0.1527099609375 0.1517333984375 0.1507568359375 0.149658203125 0.148681640625
0.147705078125 0.146728515625 0.1458740234375 0.1448974609375 0.1439208984375 0.1429443359375 0.14208984375 0.14111328125 0.1402587890625 0.139404296875 0.138427734375 0.1375732421875 0.13671875 0.1357421875 0.1348876953125 0.134033203125
0.1331787109375 0.13232421875 0.131591796875 0.1307373046875 0.1298828125 0.1290283203125 0.1282958984375 0.12744140625 0.1265869140625 0.1258544921875 0.125 0.124267578125 0.12353515625 0.12274169921875 0.1219482421875 0.1212158203125
0.12042236328125 0.11968994140625 0.11895751953125 0.11822509765625 0.11749267578125 0.11676025390625 0.11602783203125 0.11529541015625 0.11456298828125 0.11383056640625 0.1131591796875 0.1124267578125 0.11175537109375 0.11102294921875 0.1103515625 0.10968017578125
0.10894775390625 0.1082763671875 0.10760498046875 0.10693359375 0.10626220703125 0.1055908203125 0.10498046875 0.10430908203125 0.1036376953125 0.10302734375 0.10235595703125 0.10174560546875 0.10107421875 0.1004638671875 0.09979248046875 0.09918212890625
0.09857177734375 0.09796142578125 0.09735107421875 0.09674072265625 0.09613037109375 0.09552001953125 0.09490966796875 0.09429931640625 0.09368896484375 0.0931396484375 0.092529296875 0.0919189453125 0.09136962890625 0.09075927734375 0.0902099609375 0.089599609375
0.08905029296875 0.0885009765625 0.08795166015625 0.08734130859375 0.0867919921875 0.08624267578125 0.085693359375 0.08514404296875 0.0845947265625 0.08404541015625 0.08349609375 0.08294677734375 0.0823974609375 0.0819091796875 0.08135986328125 0.080810546875
0.08026123046875 0.07977294921875 0.0792236328125 0.0787353515625 0.07818603515625 0.07769775390625 0.07720947265625 0.07666015625 0.076171875 0.07568359375 0.0751953125 0.07470703125 0.07421875 0.07373046875 0.0732421875 0.07275390625
0.072265625 0.07183837890625 0.07135009765625 0.07086181640625 0.0704345703125 0.0699462890625 0.06951904296875 0.069091796875 0.068603515625 0.06817626953125 0.0677490234375 0.06732177734375 0.06689453125 0.06646728515625 0.0660400390625 0.06561279296875
0.065185546875 0.0648193359375 0.06439208984375 0.06396484375 0.0635986328125 0.06317138671875 0.06280517578125 0.06243896484375 0.06207275390625 0.061676025390625 0.061309814453125 0.060943603515625 0.060577392578125 0.060211181640625 0.059844970703125 0.059478759765625
0.059112548828125 0.05877685546875 0.05841064453125 0.058074951171875 0.0577392578125 0.057373046875 0.057037353515625 0.05670166015625 0.056365966796875 0.0560302734375 0.05572509765625 0.055389404296875 0.0550537109375 0.054718017578125 0.054412841796875 0.0540771484375
0.05377197265625 0.053466796875 0.053131103515625 0.052825927734375 0.052520751953125 0.05218505859375 0.0518798828125 0.05157470703125 0.05126953125 0.05096435546875 0.0506591796875 0.05035400390625 0.050048828125 0.04974365234375 0.0494384765625 0.04913330078125
0.048828125 0.04852294921875 0.0482177734375 0.04791259765625 0.047607421875 0.04730224609375 0.0469970703125 0.046722412109375 0.046417236328125 0.046112060546875 0.045806884765625 0.0455322265625 0.04522705078125 0.044921875 0.044647216796875 0.044342041015625
0.0440673828125 0.04376220703125 0.043487548828125 0.043182373046875 0.04290771484375 0.042633056640625 0.0423583984375 0.04205322265625 0.041778564453125 0.04150390625 0.041229248046875 0.04095458984375 0.040679931640625 0.0404052734375 0.040130615234375 0.03985595703125
0.03961181640625 0.039337158203125 0.0390625 0.038818359375 0.038543701171875 0.038299560546875 0.03802490234375 0.03778076171875 0.03753662109375 0.03729248046875 0.03704833984375 0.03680419921875 0.03656005859375 0.03631591796875 0.03607177734375 0.03582763671875
0.03558349609375 0.035369873046875 0.035125732421875 0.034912109375 0.03466796875 0.034454345703125 0.03424072265625 0.034027099609375 0.0338134765625 0.0335693359375 0.033355712890625 0.033172607421875 0.032958984375 0.032745361328125 0.03253173828125 0.032318115234375
0.032135009765625 0.03192138671875 0.03173828125 0.031524658203125 0.031341552734375 0.031158447265625 0.0309600830078125 0.0307769775390625 0.0305938720703125 0.0303955078125 0.03021240234375 0.030029296875 0.0298614501953125 0.0296783447265625 0.0294952392578125 0.029327392578125
0.029144287109375 0.0289764404296875 0.02880859375 0.0286407470703125 0.028472900390625 0.0283050537109375 0.02813720703125 0.027984619140625 0.0278167724609375 0.0276641845703125 0.027496337890625 0.02734375 0.027191162109375 0.02703857421875 0.026885986328125 0.0267333984375
0.026580810546875 0.02642822265625 0.0262908935546875 0.0261383056640625 0.0260009765625 0.0258636474609375 0.0257110595703125 0.02557373046875 0.0254364013671875 0.025299072265625 0.0251617431640625 0.0250244140625 0.02490234375 0.0247650146484375 0.024627685546875 0.024505615234375
0.0243682861328125 0.0242462158203125 0.0241241455078125 0.0240020751953125 0.02386474609375 0.02374267578125 0.02362060546875 0.02349853515625 0.0233917236328125 0.0232696533203125 0.0231475830078125 0.0230255126953125 0.022918701171875 0.022796630859375 0.0226898193359375 0.0225677490234375
0.0224609375 0.0223541259765625 0.022247314453125 0.022125244140625 0.0220184326171875 0.02191162109375 0.0218048095703125 0.021697998046875 0.0216064453125 0.0214996337890625 0.021392822265625 0.0212860107421875 0.0211944580078125 0.021087646484375 0.0209808349609375 0.0208892822265625
0.020782470703125 0.02069091796875 0.020599365234375 0.0204925537109375 0.0204010009765625 0.0203094482421875 0.0202178955078125 0.0201263427734375 0.0200347900390625 0.0199432373046875 0.0198516845703125 0.0197601318359375 0.0196685791015625 0.0195770263671875 0.0194854736328125 0.0193939208984375
0.019317626953125 0.01922607421875 0.019134521484375 0.0190582275390625 0.0189666748046875 0.018890380859375 0.018798828125 0.0187225341796875 0.0186309814453125 0.0185546875 0.018463134765625 0.0183868408203125 0.018310546875 0.0182342529296875 0.0181427001953125 0.01806640625
0.0179901123046875 0.017913818359375 0.0178375244140625 0.01776123046875 0.0176849365234375 0.017608642578125 0.0175323486328125 0.0174560546875 0.0173797607421875 0.017303466796875 0.0172271728515625 0.01715087890625 0.01708984375 0.0170135498046875 0.016937255859375 0.0168609619140625
0.0167999267578125 0.0167236328125 0.0166473388671875 0.0165863037109375 0.016510009765625 0.0164337158203125 0.0163726806640625 0.01629638671875 0.0162353515625 0.0161590576171875 0.0160980224609375 0.016021728515625 0.015960693359375 0.0158843994140625 0.0158233642578125 0.0157470703125
0.01568603515625 0.015625 0.01555633544921875 0.0154876708984375 0.01541900634765625 0.01535797119140625 0.015289306640625 0.01522064208984375 0.01515960693359375 0.0150909423828125 0.01502227783203125 0.01496124267578125 0.014892578125 0.01482391357421875 0.01476287841796875 0.0146942138671875
0.0146331787109375 0.01456451416015625 0.01450347900390625 0.014434814453125 0.014373779296875 0.01430511474609375 0.01424407958984375 0.0141754150390625 0.0141143798828125 0.01404571533203125 0.01398468017578125 0.013916015625 0.01385498046875 0.0137939453125 0.01372528076171875 0.01366424560546875
0.0135955810546875 0.0135345458984375 0.0134735107421875 0.01340484619140625 0.01334381103515625 0.01328277587890625 0.013214111328125 0.013153076171875 0.013092041015625 0.013031005859375 0.01296234130859375 0.01290130615234375 0.01284027099609375 0.01277923583984375 0.0127105712890625 0.0126495361328125
0.0125885009765625 0.0125274658203125 0.01245880126953125 0.01239776611328125 0.01233673095703125 0.01227569580078125 0.01221466064453125 0.01215362548828125 0.0120849609375 0.01202392578125 0.011962890625 0.01190185546875 0.0118408203125 0.01177978515625 0.01171875 0.01165771484375
0.0115966796875 0.01152801513671875 0.01146697998046875 0.01140594482421875 0.01134490966796875 0.01128387451171875 0.01122283935546875 0.01116180419921875 0.01110076904296875 0.01103973388671875 0.01097869873046875 0.01091766357421875 0.01085662841796875 0.01079559326171875 0.01073455810546875 0.01067352294921875
0.01061248779296875 0.01055145263671875 0.01049041748046875 0.01042938232421875 0.01036834716796875 0.01030731201171875 0.01024627685546875 0.01018524169921875 0.0101318359375 0.01007080078125 0.010009765625 0.00994873046875 0.0098876953125 0.00982666015625 0.009765625 0.00970458984375
0.0096435546875 0.00958251953125 0.00952911376953125 0.00946807861328125 0.00940704345703125 0.00934600830078125 0.00928497314453125 0.00922393798828125 0.00916290283203125 0.00910186767578125 0.0090484619140625 0.0089874267578125 0.0089263916015625 0.0088653564453125 0.0088043212890625 0.00875091552734375
0.00868988037109375 0.00862884521484375 0.00856781005859375 0.008514404296875 0.008453369140625 0.008392333984375 0.008331298828125 0.00827789306640625 0.00821685791015625 0.00815582275390625 0.0081024169921875 0.0080413818359375 0.00798797607421875 0.00792694091796875 0.00786590576171875 0.0078125
0.007755279541015625 0.00769805908203125 0.007640838623046875 0.0075836181640625 0.00753021240234375 0.007472991943359375 0.007415771484375 0.007358551025390625 0.007305145263671875 0.0072479248046875 0.007190704345703125 0.007137298583984375 0.007080078125 0.00702667236328125 0.0069732666015625 0.006916046142578125
0.006862640380859375 0.006809234619140625 0.006755828857421875 0.006702423095703125 0.006649017333984375 0.006595611572265625 0.006542205810546875 0.006488800048828125 0.006435394287109375 0.00638580322265625 0.0063323974609375 0.006282806396484375 0.006229400634765625 0.0061798095703125 0.006130218505859375 0.006076812744140625
0.0060272216796875 0.005977630615234375 0.00592803955078125 0.005878448486328125 0.005832672119140625 0.0057830810546875 0.005733489990234375 0.005687713623046875 0.00563812255859375 0.00559234619140625 0.00554656982421875 0.005496978759765625 0.005451202392578125 0.005405426025390625 0.005359649658203125 0.00531768798828125
0.00527191162109375 0.00522613525390625 0.005184173583984375 0.005138397216796875 0.005096435546875 0.005054473876953125 0.00501251220703125 0.004970550537109375 0.0049285888671875 0.004886627197265625 0.00484466552734375 0.0048065185546875 0.004764556884765625 0.004726409912109375 0.004688262939453125 0.004650115966796875
0.004611968994140625 0.004573822021484375 0.004535675048828125 0.004497528076171875 0.00446319580078125 0.004428863525390625 0.004390716552734375 0.00435638427734375 0.004322052001953125 0.0042877197265625 0.004253387451171875 0.004222869873046875 0.00418853759765625 0.00415802001953125 0.00412750244140625 0.004093170166015625
0.004062652587890625 0.00403594970703125 0.00400543212890625 0.00397491455078125 0.003948211669921875 0.0039215087890625 0.0038928985595703125 0.0038661956787109375 0.0038394927978515625 0.003814697265625 0.0037899017333984375 0.003765106201171875 0.0037403106689453125 0.0037174224853515625 0.0036945343017578125 0.0036716461181640625
0.003650665283203125 0.0036296844482421875 0.00360870361328125 0.003589630126953125 0.003570556640625 0.003551483154296875 0.00353240966796875 0.0035152435302734375 0.003498077392578125 0.003482818603515625 0.003467559814453125 0.003452301025390625 0.0034389495849609375 0.0034236907958984375 0.0034122467041015625 0.003398895263671875
0.003387451171875 0.003376007080078125 0.00336456298828125 0.00335693359375 0.0033473968505859375 0.003337860107421875 0.0033321380615234375 0.0033245086669921875 0.0033168792724609375 0.0033130645751953125 0.003307342529296875 0.00330352783203125 0.003299713134765625 0.0032978057861328125 0.0032939910888671875 0.0032939910888671875
0.003292083740234375 0.003292083740234375 0.0032901763916015625 0.00328826904296875 0.00328826904296875 0.0032863616943359375 0.003284454345703125 0.0032825469970703125 0.0032787322998046875 0.003276824951171875 0.0032749176025390625 0.0032711029052734375 0.003269195556640625 0.003265380859375 0.003261566162109375 0.00325775146484375
0.0032558441162109375 0.0032520294189453125 0.003246307373046875 0.00324249267578125 0.003238677978515625 0.0032329559326171875 0.0032291412353515625 0.003223419189453125 0.0032196044921875 0.0032138824462890625 0.003208160400390625 0.0032024383544921875 0.00319671630859375 0.0031909942626953125 0.003185272216796875 0.0031795501708984375
0.003173828125 0.00316619873046875 0.0031604766845703125 0.0031528472900390625 0.003147125244140625 0.003139495849609375 0.003131866455078125 0.003124237060546875 0.003116607666015625 0.003108978271484375 0.003101348876953125 0.003093719482421875 0.003086090087890625 0.003078460693359375 0.0030689239501953125 0.0030612945556640625
0.0030517578125 0.00304412841796875 0.0030345916748046875 0.003025054931640625 0.003017425537109375 0.0030078887939453125 0.00299835205078125 0.0029888153076171875 0.002979278564453125 0.0029697418212890625 0.002960205078125 0.002948760986328125 0.0029392242431640625 0.0029296875 0.002918243408203125 0.0029087066650390625
0.0028972625732421875 0.002887725830078125 0.00287628173828125 0.002864837646484375 0.0028533935546875 0.0028438568115234375 0.0028324127197265625 0.0028209686279296875 0.0028095245361328125 0.0027980804443359375 0.0027866363525390625 0.0027751922607421875 0.0027618408203125 0.002750396728515625 0.00273895263671875 0.0027256011962890625
0.0027141571044921875 0.0027027130126953125 0.002689361572265625 0.00267791748046875 0.0026645660400390625 0.002651214599609375 0.0026397705078125 0.0026264190673828125 0.002613067626953125 0.0025997161865234375 0.00258636474609375 0.002574920654296875 0.0025615692138671875 0.0025482177734375 0.0025348663330078125 0.002521514892578125
0.002506256103515625 0.0024929046630859375 0.00247955322265625 0.0024662017822265625 0.002452850341796875 0.002437591552734375 0.0024242401123046875 0.002410888671875 0.0023956298828125 0.0023822784423828125 0.002368927001953125 0.002353668212890625 0.0023403167724609375 0.0023250579833984375 0.0023097991943359375 0.00229644775390625
0.00228118896484375 0.0022678375244140625 0.0022525787353515625 0.0022373199462890625 0.002223968505859375 0.002208709716796875 0.002193450927734375 0.002178192138671875 0.002162933349609375 0.0021495819091796875 0.0021343231201171875 0.0021190643310546875 0.0021038055419921875 0.0020885467529296875 0.0020732879638671875 0.0020580291748046875
0.0020427703857421875 0.0020275115966796875 0.0020122528076171875 0.0019969940185546875 0.0019817352294921875 0.0019664764404296875 0.0019512176513671875 0.0019359588623046875 0.0019207000732421875 0.0019054412841796875 0.0018892288208007812 0.0018739700317382812 0.0018587112426757812 0.0018434524536132812 0.001827239990234375 0.001811981201171875
0.001796722412109375 0.0017805099487304688 0.0017652511596679688 0.0017490386962890625 0.0017337799072265625 0.0017185211181640625 0.0017023086547851562 0.0016870498657226562 0.00167083740234375 0.00165557861328125 0.00164031982421875 0.0016241073608398438 0.0016088485717773438 0.0015926361083984375 0.0015773773193359375 0.0015621185302734375
0.0015459060668945312 0.0015306472778320312 0.0015153884887695312 0.001499176025390625 0.001483917236328125 0.001468658447265625 0.0014524459838867188 0.0014371871948242188 0.0014219284057617188 0.0014057159423828125 0.0013904571533203125 0.0013751983642578125 0.0013599395751953125 0.0013446807861328125 0.0013284683227539062 0.0013132095336914062
0.0012979507446289062 0.0012826919555664062 0.0012674331665039062 0.0012521743774414062 0.0012369155883789062 0.0012216567993164062 0.0012063980102539062 0.0011911392211914062 0.0011768341064453125 0.0011615753173828125 0.0011463165283203125 0.0011310577392578125 0.0011167526245117188 0.0011014938354492188 0.001087188720703125 0.001071929931640625
0.0010576248168945312 0.0010423660278320312 0.0010280609130859375 0.0010137557983398438 0.0009984970092773438 0.00098419189453125 0.0009703636169433594 0.0009555816650390625 0.0009412765502929688 0.000926971435546875 0.0009131431579589844 0.0008988380432128906 0.0008845329284667969 0.0008707046508789062 0.0008568763732910156 0.000843048095703125
0.0008292198181152344 0.0008153915405273438 0.0008015632629394531 0.0007882118225097656 0.000774383544921875 0.0007610321044921875 0.0007476806640625 0.0007343292236328125 0.000720977783203125 0.0007081031799316406 0.0006947517395019531 0.0006818771362304688 0.0006690025329589844 0.0006561279296875 0.0006432533264160156 0.0006308555603027344
0.00061798095703125 0.0006055831909179688 0.0005931854248046875 0.0005807876586914062 0.0005688667297363281 0.0005564689636230469 0.0005445480346679688 0.0005326271057128906 0.0005207061767578125 0.0005092620849609375 0.0004973411560058594 0.0004858970642089844 0.0004744529724121094 0.00046324729919433594 0.0004520416259765625 0.00044083595275878906
0.0004298686981201172 0.0004189014434814453 0.000408172607421875 0.0003974437713623047 0.00038695335388183594 0.0003764629364013672 0.0003662109375 0.0003559589385986328 0.0003457069396972656 0.000335693359375 0.00032591819763183594 0.0003161430358886719 0.0003066062927246094 0.0002970695495605469 0.0002875328063964844 0.000278472900390625
0.00026917457580566406 0.00026035308837890625 0.0002512931823730469 0.00024271011352539062 0.00023412704467773438 0.0002256631851196289 0.00021731853485107422 0.0002090930938720703 0.0002009868621826172 0.00019311904907226562 0.00018537044525146484 0.00017762184143066406 0.00017011165618896484 0.0001628398895263672 0.00015556812286376953 0.00014853477478027344
0.00014162063598632812 0.0001348257064819336 0.00012814998626708984 0.00012177228927612305 0.00011545419692993164 0.00010925531387329102 0.00010329484939575195 9.739398956298828e-05 9.173154830932617e-05 8.618831634521484e-05 8.082389831542969e-05 7.557868957519531e-05 7.051229476928711e-05 6.562471389770508e-05 6.091594696044922e-05 5.632638931274414e-05
5.1975250244140625e-05 4.774332046508789e-05 4.369020462036133e-05 3.981590270996094e-05 3.606081008911133e-05 3.254413604736328e-05 2.9206275939941406e-05 2.5987625122070312e-05 2.300739288330078e-05 2.014636993408203e-05 1.7523765563964844e-05 1.5020370483398438e-05 1.2755393981933594e-05 1.0669231414794922e-05 8.702278137207031e-06 6.973743438720703e-06
5.424022674560547e-06 4.112720489501953e-06 2.9206275939941406e-06 1.9669532775878906e-06 1.1920928955078125e-06 5.960464477539062e-07 1.7881393432617188e-07 0.0 0.0 0.0 0.0 0.0 0.0 0.0 0.0 0.0
0.0 0.0 0.0 0.0 0.0 0.0 0.0 0.0 0.0 0.0 0.0 0.0 0.0 0.0 0.0 0.0
0.0 0.0 0.0 0.0 0.0 0.0 0.0 0.0

indptr
0 6 12 18 24 30 36 42 48 54 60 66 72 78 84 90
96 102 108 114 120 126 132 138 144 150 156 162 168 174 180 186
192 198 204 210 216 222 228 234 240 246 252 258 264 270 276 282
288 294 300 306 312 318 324 330 336 342 348 354 360 366 372 378
384 390 396 402 408 414 420 426 432 438 444 450 456 462 468 474
480 486 492 498 504 510 516 522 528 534 540 546 552 558 564 570
576 582 588 594 600 606 612 618 624 630 636 642 648 654 660 666
672 678 684 690 696 702 708 714 720 726 732 738 744 750 756 762
768 774 780 786 792 798 804 810 816 822 828 834 840 846 852 858
864 869 875 878 883 889 895 901 907 910 916 922 928 933 939 942
947 953 959 965 971 974 980 986 992 998 1004 1010 1016 1022 1028 1034
1040 1046 1052 1058 1064 1070 1076 1082 1088 1094 1100 1106 1112 1118 1124 1130
1136 1142 1148 1154 1160 1166 1172 1178 1184 1190 1196 1202 1208 1214 1220 1226
1232 1238 1244 1250 1256 1262 1268 1274 1280 1286 1292 1298 1304 1310 1316 1322
1328 1334 1340 1346 1352 1358 1364 1370 1376 1382 1388 1394 1400 1406 1412 1418
1424 1430 1436 1442 1448 1454 1460 1466 1472 1478 1484 1490 1496 1502 1508 1514
1520 1526 1532 1538 1544 1550 1556 1562 1568 1574 1580 1586 1592 1598 1604 1610
1616 1622 1628 1634 1640 1646 1652 1658 1664 1670 1676 1682 1688 1694 1700 1706
1712 1718 1724 1730 1736 1742 1748 1754 1760 1766 1772 1778 1784 1790 1796 1802
1808 1814 1820 1826 1832 1838 1844 1850 1856 1861 1867 1870 1875 1881 1887 1893
1899 1902 1908 1914 1920 1925 1931 1934 1939 1945 1951 1957 1963 1966 1972 1978
1984 1990 1996 2002 2008 2014 2020 2026 2032 2038 2044 2050 2056 2062 2068 2074
2080 2086 2092 2098 2104 2110 2116 2122 2128 2134 2140 2146 2152 2158 2164 2170
2176 2182 2188 2194 2200 2206 2212 2218 2224 2230 2236 2242 2248 2254 2260 2266
2272 2278 2284 2290 2296 2302 2308 2314 2320 2326 2332 2338 2344 2350 2356 2362
2368 2374 2380 2386 2392 2398 2404 2410 2416 2422 2428 2434 2440 2446 2452 2458
2464 2470 2476 2482 2488 2494 2500 2506 2512 2518 2524 2530 2536 2542 2548 2554
2560 2566 2572 2578 2584 2590 2596 2602 2608 2614 2620 2626 2632 2638 2644 2650
2656 2662 2668 2674 2680 2686 2692 2698 2704 2710 2716 2722 2728 2734 2740 2746
2752 2758 2764 2770 2776 2782 2788 2794 2800 2806 2812 2818 2824 2830 2836 2842
2848 2853 2859 2862 2867 2873 2879 2885 2891 2894 2900 2906 2912 2917 2923 2926
2931 2937 2943 2949 2955 2958 2964 2970 2976 2979 2985 2990 2996 2998 3003 3008
3014 3020 3026 3032 3038 3041 3047 3052 3058 3061 3067 3072 3078 3084 3090 3096
3102 3105 3111 3116 3122 3125 3131 3136 3142 3148 3154 3160 3166 3169 3175 3180
3186 3189 3195 3200 3206 3212 3218 3224 3230 3233 3239 3244 3250 3253 3259 3264
3270 3276 3282 3288 3294 3297 3303 3308 3314 3317 3323 3328 3334 3340 3346 3352
3358 3361 3367 3370 3375 3378 3384 3389 3395 3398 3404 3410 3416 3422 3428 3434
3440 3446 3452 3458 3464 3470 3476 3482 3488 3494 3500 3506 3512 3518 3524 3530
3536 3542 3548 3554 3560 3566 3572 3578 3584 3590 3596 3602 3608 3614 3620 3626
3632 3638 3644 3650 3656 3662 3668 3674 3680 3686 3692 3698 3704 3710 3716 3722
3728 3734 3740 3746 3752 3758 3764 3770 3776 3782 3788 3794 3800 3806 3812 3818
3824 3830 3836 3842 3848 3854 3860 3866 3872 3878 3884 3890 3896 3902 3908 3914
3920 3926 3932 3938 3944 3950 3956 3962 3968 3974 3980 3986 3992 3998 4004 4010
4016 4022 4028 4034 4040 4046 4052 4058 4064 4070 4076 4082 4088 4094 4100 4106
4112 4118 4124 4130 4136 4142 4148 4154 4160 4166 4172 4178 4184 4190 4196 4202
4208 4214 4220 4226 4232 4238 4244 4250 4256 4262 4268 4274 4280 4285 4291 4294
4299 4305 4311 4317 4323 4326 4332 4338 4344 4349 4355 4358 4363 4369 4375 4381
4387 4390 4396 4402 4408 4414 4420 4426 4432 4438 4444 4450 4456 4462 4468 4474
4480 4486 4492 4498 4504 4510 4516 4522 4528 4534 4540 4546 4552 4558 4564 4570
4576 4582 4588 4594 4600 4606 4612 4618 4624 4630 4636 4642 4648 4654 4660 4666
4672 4678 4684 4690 4696 4702 4708 4714 4720 4726 4732 4738 4744 4750 4756 4762
4768 4774 4780 4786 4792 4798 4804 4810 4816 4822 4828 4834 4840 4846 4852 4858
4864 4870 4876 4882 4888 4894 4900 4906 4912 4918 4924 4930 4936 4942 4948 4954
4960 4966 4972 4978 4984 4990 4996 5002 5008 5014 5020 5026 5032 5038 5044 5050
5056 5062 5068 5074 5080 5086 5092 5098 5104 5110 5116 5122 5128 5134 5140 5146
5152 5158 5164 5170 5176 5182 5188 5194 5200 5206 5212 5218 5224 5230 5236 5242
5248 5254 5260 5266 5272 5277 5283 5286 5291 5297 5303 5309 5315 5318 5324 5330
5336 5341 5347 5350 5355 5361 5367 5373 5379 5382 5388 5394 5400 5406 5412 5418
5424 5430 5436 5442 5448 5454 5460 5466 5472 5478 5484 5490 5496 5502 5508 5514
5520 5526 5532 5538 5544 5550 5556 5562 5568 5574 5580 5586 5592 5598 5604 5610
5616 5622 5628 5634 5640 5646 5652 5658 5664 5670 5676 5682 5688 5694 5700 5706
5712 5718 5724 5730 5736 5742 5748 5754 5760 5766 5772 5778 5784 5790 5796 5802
5808 5814 5820 5826 5832 5838 5844 5850 5856 5862 5868 5874 5880 5886 5892 5898
5904 5910 5916 5922 5928 5934 5940 5946 5952 5958 5964 5970 5976 5982 5988 5994
6000 6006 6012 6018 6024 6030 6036 6042 6048 6054 6060 6066 6072 6078 6084 6090
6096 6102 6108 6114 6120 6126 6132 6138 6144 6150 6156 6162 6168 6174 6180 6186
6192 6198 6204 6210 6216 6222 6228 6234 6240 6246 6252 6258 6264 6269 6275 6278
6283 6289 6295 6301 6307 6310 6316 6322 6328 6333 6339 6342 6347 6353 6359 6365
6371 6374 6380 6386 6392 6395 6401 6406 6412 6414 6419 6424 6430 6436 6442 6448
6454 6457 6463 6468 6474 6477 6483 6488 6494 6500 6506 6512 6518 6521 6527 6532
6538 6541 6547 6552 6558 6564 6570 6576 6582 6585 6591 6596 6602 6605 6611 6616
6622 6628 6634 6640 6646 6649 6655 6660 6666 6669 6675 6680 6686 6692 6698 6704
6710 6713 6719 6724 6730 6733 6739 6744 6750 6756 6762 6768 6774 6777 6783 6786
6791 6794 6800 6805 6811 6814 6820 6826 6832 6838 6844 6850 6856 6862 6868 6874
6880 6886 6892 6898 6904 6910 6916 6922 6928 6934 6940 6946 6952 6958 6964 6970
6976 6982 6988 6994 7000 7006 7012 7018 7024 7030 7036 7042 7048 7054 7060 7066
7072 7078 7084 7090 7096 7102 7108 7114 7120 7126 7132 7138 7144 7150 7156 7162
7168 7174 7180 7186 7192 7198 7204 7210 7216 7222 7228 7234 7240 7246 7252 7258
7264 7270 7276 7282 7288 7294 7300 7306 7312 7318 7324 7330 7336 7342 7348 7354
7360 7366 7372 7378 7384 7390 7396 7402 7408 7414 7420 7426 7432 7438 7444 7450
7456 7462 7468 7474 7480 7486 7492 7498 7504 7510 7516 7522 7528 7534 7540 7546
7552 7558 7564 7570 7576 7582 7588 7594 7600 7606 7612 7618 7624 7630 7636 7642
7648 7654 7660 7666 7672 7678 7684 7690 7696 7701 7707 7710 7715 7721 7727 7733
7739 7742 7748 7754 7760 7765 7771 7774 7779 7785 7791 7797 7803 7806 7812 7818
7824 7830 7836 7842 7848 7854 7860 7866 7872 7878 7884 7890 7896 7902 7908 7914
7920 7926 7932 7938 7944 7950 7956 7962 7968 7974 7980 7986 7992 7998 8004 8010
8016 8022 8028 8034 8040 8046 8052 8058 8064 8070 8076 8082 8088 8094 8100 8106
8112 8118 8124 8130 8136 8142 8148 8154 8160 8166 8172 8178 8184 8190 8196 8202
8208 8214 8220 8226 8232 8238 8244 8250 8256 8262 8268 8274 8280 8286 8292 8298
8304 8310 8316 8322 8328 8334 8340 8346 8352 8358 8364 8370 8376 8382 8388 8394
8400 8406 8412 8418 8424 8430 8436 8442 8448 8454 8460 8466 8472 8478 8484 8490
8496 8502 8508 8514 8520 8526 8532 8538 8544 8550 8556 8562 8568 8574 8580 8586
8592 8598 8604 8610 8616 8622 8628 8634 8640 8646 8652 8658 8664 8670 8676 8682
8688 8693 8699 8702 8707 8713 8719 8725 8731 8734 8740 8746 8752 8757 8763 8766
8771 8777 8783 8789 8795 8798 8804 8810 8816 8822 8828 8834 8840 8846 8852 8858
8864 8870 8876 8882 8888 8894 8900 8906 8912 8918 8924 8930 8936 8942 8948 8954
8960 8966 8972 8978 8984 8990 8996 9002 9008 9014 9020 9026 9032 9038 9044 9050
9056 9062 9068 9074 9080 9086 9092 9098 9104 9110 9116 9122 9128 9134 9140 9146
9152 9158 9164 9170 9176 9182 9188 9194 9200 9206 9212 9218 9224 9230 9236 9242
9248 9254 9260 9266 9272 9278 9284 9290 9296 9302 9308 9314 9320 9326 9332 9338
9344 9350 9356 9362 9368 9374 9380 9386 9392 9398 9404 9410 9416 9422 9428 9434
9440 9446 9452 9458 9464 9470 9476 9482 9488 9494 9500 9506 9512 9518 9524 9530
9536 9542 9548 9554 9560 9566 9572 9578 9584 9590 9596 9602 9608 9614 9620 9626
9632 9638 9644 9650 9656 9662 9668 9674 9680 9685 9691 9694 9699 9705 9711 9717
9723 9726 9732 9738 9744 9749 9755 9758 9763 9769 9775 9781 9787 9790 9796 9802
9808 9811 9817 9822 9828 9830 9835 9840 9846 9852 9858 9864 9870 9873 9879 9884
9890 9893 9899 9904 9910 9916 9922 9928 9934 9937 9943 9948 9954 9957 9963 9968
9974 9980 9986 9992 9998 10001 10007 10012 10018 10021 10027 10032 10038 10044 10050 10056
10062 10065 10071 10076 10082 10085 10091 10096 10102 10108 10114 10120 10126 10129 10135 10140
10146 10149 10155 10160 10166 10172 10178 10184 10190 10193 10199 10202 10207 10210 10216 10221
10227 10230 10236 10242 10248

indices
1 2 6 20 22 45 0 2 3 6 7 11 0 1 3 28
29 45 1 2 8 10 11 29 5 6 21 22 23 1209 4 6
7 1184 1186 1209 0 1 4 5 7 22 1 5 6 9 11 1186
3 10 29 31 33 593 7 11 597 1185 1186 1187 3 8 11 593
595 597 1 3 7 9 10 597 13 14 18 176 178 201 12 14
15 18 19 23 12 13 15 40 41 201 13 14 20 22 23 41
17 18 177 178 179 1233 16 18 19 1208 1210 1233 12 13 16 17
19 178 13 17 18 21 23 1210 0 15 22 41 43 45 4 19
23 1209 1210 1211 0 4 6 15 20 23 4 13 15 19 21 22
25 26 30 44 46 69 24 26 27 30 31 35 24 25 27 52
53 69 25 26 32 34 35 53 2 29 30 45 46 47 2 3
8 28 30 31 24 25 28 29 31 46 8 25 29 30 33 35
27 34 53 55 57 605 8 31 35 592 593 609 27 32 35 605
607 609 25 27 31 33 34 609 37 38 42 200 202 225 36 38
39 42 43 47 36 37 39 64 65 225 37 38 44 46 47 65
14 41 42 201 202 203 14 15 20 40 42 43 36 37 40 41
43 202 20 37 41 42 45 47 24 39 46 65 67 69 0 2
20 28 43 47 24 28 30 39 44 47 28 37 39 43 45 46
49 50 54 68 70 93 48 50 51 54 55 59 48 49 51 76
77 93 49 50 56 58 59 77 26 53 54 69 70 71 26 27
32 52 54 55 48 49 52 53 55 70 32 49 53 54 57 59
51 58 77 79 81 761 32 55 59 604 605 765 51 56 59 761
763 765 49 51 55 57 58 765 61 62 66 224 226 249 60 62
63 66 67 71 60 61 63 88 89 249 61 62 68 70 71 89
38 65 66 225 226 227 38 39 44 64 66 67 60 61 64 65
67 226 44 61 65 66 69 71 48 63 70 89 91 93 24 26
44 52 67 71 48 52 54 63 68 71 52 61 63 67 69 70
73 74 78 92 94 117 72 74 75 78 79 83 72 73 75 100
101 117 73 74 80 82 83 101 50 77 78 93 94 95 50 51
56 76 78 79 72 73 76 77 79 94 56 73 77 78 81 83
75 82 101 103 105 773 56 79 83 760 761 777 75 80 83 773
775 777 73 75 79 81 82 777 85 86 90 248 250 273 84 86
87 90 91 95 84 85 87 112 113 273 85 86 92 94 95 113
62 89 90 249 250 251 62 63 68 88 90 91 84 85 88 89
91 250 68 85 89 90 93 95 72 87 94 113 115 117 48 50
68 76 91 95 72 76 78 87 92 95 76 85 87 91 93 94
97 98 102 116 118 141 96 98 99 102 103 107 96 97 99 124
125 141 97 98 104 106 107 125 74 101 102 117 118 119 74 75
80 100 102 103 96 97 100 101 103 118 80 97 101 102 105 107
99 106 125 127 129 929 80 103 107 772 773 933 99 104 107 929
931 933 97 99 103 105 106 933 109 110 114 272 274 297 108 110
111 114 115 119 108 109 111 136 137 297 109 110 116 118 119 137
86 113 114 273 274 275 86 87 92 112 114 115 108 109 112 113
115 274 92 109 113 114 117 119 96 111 118 137 139 141 72 74
92 100 115 119 96 100 102 111 116 119 100 109 111 115 117 118
121 122 126 140 142 165 120 122 123 126 127 131 120 121 123 148
149 165 121 122 128 130 131 149 98 125 126 141 142 143 98 99
104 124 126 127 120 121 124 125 127 142 104 121 125 126 129 131
123 130 149 151 153 941 104 127 131 928 929 945 123 128 131 941
943 945 121 123 127 129 130 945 133 134 138 296 298 321 132 134
135 138 139 143 132 133 135 160 161 321 133 134 140 142 143 161
110 137 138 297 298 299 110 111 116 136 138 139 132 133 136 137
139 298 116 133 137 138 141 143 120 135 142 161 163 165 96 98
116 124 139 143 120 124 126 135 140 143 124 133 135 139 141 142
145 146 150 164 166 144 146 147 150 151 155 144 145 147 145 146
152 154 155 122 149 150 165 166 167 122 123 128 148 150 151 144
145 148 149 151 166 128 145 149 150 153 155 147 154 1097 128 151
155 940 941 1101 147 152 155 1097 1099 1101 145 147 151 153 154 1101
157 158 162 320 322 156 158 159 162 163 167 156 157 159 157 158
164 166 167 134 161 162 321 322 323 134 135 140 160 162 163 156
157 160 161 163 322 140 157 161 162 165 167 144 159 166 120 122
140 148 163 167 144 148 150 159 164 167 148 157 159 163 165 166
169 170 174 188 190 213 168 170 171 174 175 179 168 169 171 196
197 213 169 170 176 178 179 197 173 174 189 190 191 1257 172 174
175 1232 1234 1257 168 169 172 173 175 190 169 173 174 177 179 1234
12 171 178 197 199 201 16 175 179 1233 1234 1235 12 16 18 171
176 179 16 169 171 175 177 178 181 182 186 344 346 369 180 182
183 186 187 191 180 181 183 208 209 369 181 182 188 190 191 209
185 186 345 346 347 1281 184 186 187 1256 1258 1281 180 181 184 185
187 346 181 185 186 189 191 1258 168 183 190 209 211 213 172 187
191 1257 1258 1259 168 172 174 183 188 191 172 181 183 187 189 190
193 194 198 212 214 237 192 194 195 198 199 203 192 193 195 220
221 237 193 194 200 202 203 221 170 197 198 213 214 215 170 171
176 196 198 199 192 193 196 197 199 214 176 193 197 198 201 203
36 195 202 221 223 225 12 14 40 176 199 203 36 40 42 195
200 203 40 193 195 199 201 202 205 206 210 368 370 393 204 206
207 210 211 215 204 205 207 232 233 393 205 206 212 214 215 233
182 209 210 369 370 371 182 183 188 208 210 211 204 205 208 209
211 370 188 205 209 210 213 215 192 207 214 233 235 237 168 170
188 196 211 215 192 196 198 207 212 215 196 205 207 211 213 214
217 218 222 236 238 261 216 218 219 222 223 227 216 217 219 244
245 261 217 218 224 226 227 245 194 221 222 237 238 239 194 195
200 220 222 223 216 217 220 221 223 238 200 217 221 222 225 227
60 219 226 245 247 249 36 38 64 200 223 227 60 64 66 219
224 227 64 217 219 223 225 226 229 230 234 392 394 417 228 230
231 234 235 239 228 229 231 256 257 417 229 230 236 238 239 257
206 233 234 393 394 395 206 207 212 232 234 235 228 229 232 233
235 394 212 229 233 234 237 239 216 231 238 257 259 261 192 194
212 220 235 239 216 220 222 231 236 239 220 229 231 235 237 238
241 242 246 260 262 285 240 242 243 246 247 251 240 241 243 268
269 285 241 242 248 250 251 269 218 245 246 261 262 263 218 219
224 244 246 247 240 241 244 245 247 262 224 241 245 246 249 251
84 243 250 269 271 273 60 62 88 224 247 251 84 88 90 243
248 251 88 241 243 247 249 250 253 254 258 416 418 441 252 254
255 258 259 263 252 253 255 280 281 441 253 254 260 262 263 281
230 257 258 417 418 419 230 231 236 256 258 259 252 253 256 257
259 418 236 253 257 258 261 263 240 255 262 281 283 285 216 218
236 244 259 263 240 244 246 255 260 263 244 253 255 259 261 262
265 266 270 284 286 309 264 266 267 270 271 275 264 265 267 292
293 309 265 266 272 274 275 293 242 269 270 285 286 287 242 243
248 268 270 271 264 265 268 269 271 286 248 265 269 270 273 275
108 267 274 293 295 297 84 86 112 248 271 275 108 112 114 267
272 275 112 265 267 271 273 274 277 278 282 440 442 465 276 278
279 282 283 287 276 277 279 304 305 465 277 278 284 286 287 305
254 281 282 441 442 443 254 255 260 280 282 283 276 277 280 281
283 442 260 277 281 282 285 287 264 279 286 305 307 309 240 242
260 268 283 287 264 268 270 279 284 287 268 277 279 283 285 286
289 290 294 308 310 333 288 290 291 294 295 299 288 289 291 316
317 333 289 290 296 298 299 317 266 293 294 309 310 311 266 267
272 292 294 295 288 289 292 293 295 310 272 289 293 294 297 299
132 291 298 317 319 321 108 110 136 272 295 299 132 136 138 291
296 299 136 289 291 295 297 298 301 302 306 464 466 489 300 302
303 306 307 311 300 301 303 328 329 489 301 302 308 310 311 329
278 305 306 465 466 467 278 279 284 304 306 307 300 301 304 305
307 466 284 301 305 306 309 311 288 303 310 329 331 333 264 266
284 292 307 311 288 292 294 303 308 311 292 301 303 307 309 310
313 314 318 332 334 312 314 315 318 319 323 312 313 315 313 314
320 322 323 290 317 318 333 334 335 290 291 296 316 318 319 312
313 316 317 319 334 296 313 317 318 321 323 156 315 322 132 134
160 296 319 323 156 160 162 315 320 323 160 313 315 319 321 322
325 326 330 488 490 324 326 327 330 331 335 324 325 327 325 326
332 334 335 302 329 330 489 490 491 302 303 308 328 330 331 324
325 328 329 331 490 308 325 329 330 333 335 312 327 334 288 290
308 316 331 335 312 316 318 327 332 335 316 325 327 331 333 334
337 338 342 356 358 381 336 338 339 342 343 347 336 337 339 364
365 381 337 338 344 346 347 365 341 342 357 358 359 1305 340 342
343 1280 1282 1305 336 337 340 341 343 358 337 341 342 345 347 1282
180 339 346 365 367 369 184 343 347 1281 1282 1283 180 184 186 339
344 347 184 337 339 343 345 346 349 350 354 512 514 525 348 350
351 354 355 359 348 349 351 376 377 525 349 350 356 358 359 377
353 354 513 514 515 1329 352 354 355 1304 1306 1329 348 349 352 353
355 514 349 353 354 357 359 1306 336 351 358 377 379 381 340 355
359 1305 1306 1307 336 340 342 351 356 359 340 349 351 355 357 358
361 362 366 380 382 405 360 362 363 366 367 371 360 361 363 388
389 405 361 362 368 370 371 389 338 365 366 381 382 383 338 339
344 364 366 367 360 361 364 365 367 382 344 361 365 366 369 371
204 363 370 389 391 393 180 182 208 344 367 371 204 208 210 363
368 371 208 361 363 367 369 370 373 374 378 524 526 537 372 374
375 378 379 383 372 373 375 400 401 537 373 374 380 382 383 401
350 377 378 525 526 527 350 351 356 376 378 379 372 373 376 377
379 526 356 373 377 378 381 383 360 375 382 401 403 405 336 338
356 364 379 383 360 364 366 375 380 383 364 373 375 379 381 382
385 386 390 404 406 429 384 386 387 390 391 395 384 385 387 412
413 429 385 386 392 394 395 413 362 389 390 405 406 407 362 363
368 388 390 391 384 385 388 389 391 406 368 385 389 390 393 395
228 387 394 413 415 417 204 206 232 368 391 395 228 232 234 387
392 395 232 385 387 391 393 394 397 398 402 536 538 549 396 398
399 402 403 407 396 397 399 424 425 549 397 398 404 406 407 425
374 401 402 537 538 539 374 375 380 400 402 403 396 397 400 401
403 538 380 397 401 402 405 407 384 399 406 425 427 429 360 362
380 388 403 407 384 388 390 399 404 407 388 397 399 403 405 406
409 410 414 428 430 453 408 410 411 414 415 419 408 409 411 436
437 453 409 410 416 418 419 437 386 413 414 429 430 431 386 387
392 412 414 415 408 409 412 413 415 430 392 409 413 414 417 419
252 411 418 437 439 441 228 230 256 392 415 419 252 256 258 411
416 419 256 409 411 415 417 418 421 422 426 548 550 561 420 422
423 426 427 431 420 421 423 448 449 561 421 422 428 430 431 449
398 425 426 549 550 551 398 399 404 424 426 427 420 421 424 425
427 550 404 421 425 426 429 431 408 423 430 449 451 453 384 386
404 412 427 431 408 412 414 423 428 431 412 421 423 427 429 430
433 434 438 452 454 477 432 434 435 438 439 443 432 433 435 460
461 477 433 434 440 442 443 461 410 437 438 453 454 455 410 411
416 436 438 439 432 433 436 437 439 454 416 433 437 438 441 443
276 435 442 461 463 465 252 254 280 416 439 443 276 280 282 435
440 443 280 433 435 439 441 442 445 446 450 560 562 573 444 446
447 450 451 455 444 445 447 472 473 573 445 446 452 454 455 473
422 449 450 561 562 563 422 423 428 448 450 451 444 445 448 449
451 562 428 445 449 450 453 455 432 447 454 473 475 477 408 410
428 436 451 455 432 436 438 447 452 455 436 445 447 451 453 454
457 458 462 476 478 501 456 458 459 462 463 467 456 457 459 484
485 501 457 458 464 466 467 485 434 461 462 477 478 479 434 435
440 460 462 463 456 457 460 461 463 478 440 457 461 462 465 467
300 459 466 485 487 489 276 278 304 440 463 467 300 304 306 459
464 467 304 457 459 463 465 466 469 470 474 572 574 585 468 470
471 474 475 479 468 469 471 496 497 585 469 470 476 478 479 497
446 473 474 573 574 575 446 447 452 472 474 475 468 469 472 473
475 574 452 469 473 474 477 479 456 471 478 497 499 501 432 434
452 460 475 479 456 460 462 471 476 479 460 469 471 475 477 478
481 482 486 500 502 480 482 483 486 487 491 480 481 483 481 482
488 490 491 458 485 486 501 502 503 458 459 464 484 486 487 480
481 484 485 487 502 464 481 485 486 489 491 324 483 490 300 302
328 464 487 491 324 328 330 483 488 491 328 481 483 487 489 490
493 494 498 584 586 492 494 495 498 499 503 492 493 495 493 494
500 502 503 470 497 498 585 586 587 470 471 476 496 498 499 492
493 496 497 499 586 476 493 497 498 501 503 480 495 502 456 458
476 484 499 503 480 484 486 495 500 503 484 493 495 499 501 502
505 506 510 504 506 507 510 511 515 504 505 507 520 521 505 506
512 514 515 521 509 510 508 510 511 1328 1330 504 505 508 509 511
505 509 510 513 515 1330 348 507 514 521 523 525 352 511 515 1329
1330 1331 348 352 354 507 512 515 352 505 507 511 513 514 517 518
522 516 518 519 522 523 527 516 517 519 532 533 517 518 524 526
527 533 506 521 522 506 507 512 520 522 523 516 517 520 521 523
512 517 521 522 525 527 372 519 526 533 535 537 348 350 376 512
523 527 372 376 378 519 524 527 376 517 519 523 525 526 529 530
534 528 530 531 534 535 539 528 529 531 544 545 529 530 536 538
539 545 518 533 534 518 519 524 532 534 535 528 529 532 533 535
524 529 533 534 537 539 396 531 538 545 547 549 372 374 400 524
535 539 396 400 402 531 536 539 400 529 531 535 537 538 541 542
546 540 542 543 546 547 551 540 541 543 556 557 541 542 548 550
551 557 530 545 546 530 531 536 544 546 547 540 541 544 545 547
536 541 545 546 549 551 420 543 550 557 559 561 396 398 424 536
547 551 420 424 426 543 548 551 424 541 543 547 549 550 553 554
558 552 554 555 558 559 563 552 553 555 568 569 553 554 560 562
563 569 542 557 558 542 543 548 556 558 559 552 553 556 557 559
548 553 557 558 561 563 444 555 562 569 571 573 420 422 448 548
559 563 444 448 450 555 560 563 448 553 555 559 561 562 565 566
570 564 566 567 570 571 575 564 565 567 580 581 565 566 572 574
575 581 554 569 570 554 555 560 568 570 571 564 565 568 569 571
560 565 569 570 573 575 468 567 574 581 583 585 444 446 472 560
571 575 468 472 474 567 572 575 472 565 567 571 573 574 577 578
582 576 578 579 582 583 587 576 577 579 577 578 584 586 587 566
581 582 566 567 572 580 582 583 576 577 580 581 583 572 577 581
582 585 587 492 579 586 468 470 496 572 583 587 492 496 498 579
584 587 496 577 579 583 585 586 589 590 594 608 610 633 588 590
591 594 595 599 588 589 591 616 617 633 589 590 596 598 599 617
33 593 594 609 610 611 8 10 33 592 594 595 588 589 592 593
595 610 10 589 593 594 597 599 591 598 617 619 621 1181 9 10
11 595 599 1185 591 596 599 1181 1183 1185 589 591 595 597 598 1185
601 602 606 764 766 789 600 602 603 606 607 611 600 601 603 628
629 789 601 602 608 610 611 629 57 605 606 765 766 767 32 34
57 604 606 607 600 601 604 605 607 766 34 601 605 606 609 611
588 603 610 629 631 633 33 34 35 592 607 611 588 592 594 603
608 611 592 601 603 607 609 610 613 614 618 632 634 657 612 614
615 618 619 623 612 613 615 640 641 657 613 614 620 622 623 641
590 617 618 633 634 635 590 591 596 616 618 619 612 613 616 617
619 634 596 613 617 618 621 623 615 622 641 643 645 1193 596 619
623 1180 1181 1197 615 620 623 1193 1195 1197 613 615 619 621 622 1197
625 626 630 788 790 813 624 626 627 630 631 635 624 625 627 652
653 813 625 626 632 634 635 653 602 629 630 789 790 791 602 603
608 628 630 631 624 625 628 629 631 790 608 625 629 630 633 635
612 627 634 653 655 657 588 590 608 616 631 635 612 616 618 627
632 635 616 625 627 631 633 634 637 638 642 656 658 681 636 638
639 642 643 647 636 637 639 664 665 681 637 638 644 646 647 665
614 641 642 657 658 659 614 615 620 640 642 643 636 637 640 641
643 658 620 637 641 642 645 647 639 646 665 667 669 1349 620 643
647 1192 1193 1353 639 644 647 1349 1351 1353 637 639 643 645 646 1353
649 650 654 812 814 837 648 650 651 654 655 659 648 649 651 676
677 837 649 650 656 658 659 677 626 653 654 813 814 815 626 627
632 652 654 655 648 649 652 653 655 814 632 649 653 654 657 659
636 651 658 677 679 681 612 614 632 640 655 659 636 640 642 651
656 659 640 649 651 655 657 658 661 662 666 680 682 705 660 662
663 666 667 671 660 661 663 688 689 705 661 662 668 670 671 689
638 665 666 681 682 683 638 639 644 664 666 667 660 661 664 665
667 682 644 661 665 666 669 671 663 670 689 691 693 1361 644 667
671 1348 1349 1365 663 668 671 1361 1363 1365 661 663 667 669 670 1365
673 674 678 836 838 861 672 674 675 678 679 683 672 673 675 700
701 861 673 674 680 682 683 701 650 677 678 837 838 839 650 651
656 676 678 679 672 673 676 677 679 838 656 673 677 678 681 683
660 675 682 701 703 705 636 638 656 664 679 683 660 664 666 675
680 683 664 673 675 679 681 682 685 686 690 704 706 729 684 686
687 690 691 695 684 685 687 712 713 729 685 686 692 694 695 713
662 689 690 705 706 707 662 663 668 688 690 691 684 685 688 689
691 706 668 685 689 690 693 695 687 694 713 715 717 1517 668 691
695 1360 1361 1521 687 692 695 1517 1519 1521 685 687 691 693 694 1521
697 698 702 860 862 885 696 698 699 702 703 707 696 697 699 724
725 885 697 698 704 706 707 725 674 701 702 861 862 863 674 675
680 700 702 703 696 697 700 701 703 862 680 697 701 702 705 707
684 699 706 725 727 729 660 662 680 688 703 707 684 688 690 699
704 707 688 697 699 703 705 706 709 710 714 728 730 753 708 710
711 714 715 719 708 709 711 736 737 753 709 710 716 718 719 737
686 713 714 729 730 731 686 687 692 712 714 715 708 709 712 713
715 730 692 709 713 714 717 719 711 718 737 739 741 1529 692 715
719 1516 1517 1533 711 716 719 1529 1531 1533 709 711 715 717 718 1533
721 722 726 884 886 909 720 722 723 726 727 731 720 721 723 748
749 909 721 722 728 730 731 749 698 725 726 885 886 887 698 699
704 724 726 727 720 721 724 725 727 886 704 721 725 726 729 731
708 723 730 749 751 753 684 686 704 712 727 731 708 712 714 723
728 731 712 721 723 727 729 730 733 734 738 752 754 732 734 735
738 739 743 732 733 735 733 734 740 742 743 710 737 738 753 754
755 710 711 716 736 738 739 732 733 736 737 739 754 716 733 737
738 741 743 735 742 1685 716 739 743 1528 1529 1689 735 740 743 1685
1687 1689 733 735 739 741 742 1689 745 746 750 908 910 744 746 747
750 751 755 744 745 747 745 746 752 754 755 722 749 750 909 910
911 722 723 728 748 750 751 744 745 748 749 751 910 728 745 749
750 753 755 732 747 754 708 710 728 736 751 755 732 736 738 747
752 755 736 745 747 751 753 754 757 758 762 776 778 801 756 758
759 762 763 767 756 757 759 784 785 801 757 758 764 766 767 785
81 761 762 777 778 779 56 58 81 760 762 763 756 757 760 761
763 778 58 757 761 762 765 767 600 759 766 785 787 789 57 58
59 604 763 767 600 604 606 759 764 767 604 757 759 763 765 766
769 770 774 932 934 957 768 770 771 774 775 779 768 769 771 796
797 957 769 770 776 778 779 797 105 773 774 933 934 935 80 82
105 772 774 775 768 769 772 773 775 934 82 769 773 774 777 779
756 771 778 797 799 801 81 82 83 760 775 779 756 760 762 771
776 779 760 769 771 775 777 778 781 782 786 800 802 825 780 782
783 786 787 791 780 781 783 808 809 825 781 782 788 790 791 809
758 785 786 801 802 803 758 759 764 784 786 787 780 781 784 785
787 802 764 781 785 786 789 791 624 783 790 809 811 813 600 602
628 764 787 791 624 628 630 783 788 791 628 781 783 787 789 790
793 794 798 956 958 981 792 794 795 798 799 803 792 793 795 820
821 981 793 794 800 802 803 821 770 797 798 957 958 959 770 771
776 796 798 799 792 793 796 797 799 958 776 793 797 798 801 803
780 795 802 821 823 825 756 758 776 784 799 803 780 784 786 795
800 803 784 793 795 799 801 802 805 806 810 824 826 849 804 806
807 810 811 815 804 805 807 832 833 849 805 806 812 814 815 833
782 809 810 825 826 827 782 783 788 808 810 811 804 805 808 809
811 826 788 805 809 810 813 815 648 807 814 833 835 837 624 626
652 788 811 815 648 652 654 807 812 815 652 805 807 811 813 814
817 818 822 980 982 1005 816 818 819 822 823 827 816 817 819 844
845 1005 817 818 824 826 827 845 794 821 822 981 982 983 794 795
800 820 822 823 816 817 820 821 823 982 800 817 821 822 825 827
804 819 826 845 847 849 780 782 800 808 823 827 804 808 810 819
824 827 808 817 819 823 825 826 829 830 834 848 850 873 828 830
831 834 835 839 828 829 831 856 857 873 829 830 836 838 839 857
806 833 834 849 850 851 806 807 812 832 834 835 828 829 832 833
835 850 812 829 833 834 837 839 672 831 838 857 859 861 648 650
676 812 835 839 672 676 678 831 836 839 676 829 831 835 837 838
841 842 846 1004 1006 1029 840 842 843 846 847 851 840 841 843 868
869 1029 841 842 848 850 851 869 818 845 846 1005 1006 1007 818 819
824 844 846 847 840 841 844 845 847 1006 824 841 845 846 849 851
828 843 850 869 871 873 804 806 824 832 847 851 828 832 834 843
848 851 832 841 843 847 849 850 853 854 858 872 874 897 852 854
855 858 859 863 852 853 855 880 881 897 853 854 860 862 863 881
830 857 858 873 874 875 830 831 836 856 858 859 852 853 856 857
859 874 836 853 857 858 861 863 696 855 862 881 883 885 672 674
700 836 859 863 696 700 702 855 860 863 700 853 855 859 861 862
865 866 870 1028 1030 1053 864 866 867 870 871 875 864 865 867 892
893 1053 865 866 872 874 875 893 842 869 870 1029 1030 1031 842 843
848 868 870 871 864 865 868 869 871 1030 848 865 869 870 873 875
852 867 874 893 895 897 828 830 848 856 871 875 852 856 858 867
872 875 856 865 867 871 873 874 877 878 882 896 898 921 876 878
879 882 883 887 876 877 879 904 905 921 877 878 884 886 887 905
854 881 882 897 898 899 854 855 860 880 882 883 876 877 880 881
883 898 860 877 881 882 885 887 720 879 886 905 907 909 696 698
724 860 883 887 720 724 726 879 884 887 724 877 879 883 885 886
889 890 894 1052 1054 1077 888 890 891 894 895 899 888 889 891 916
917 1077 889 890 896 898 899 917 866 893 894 1053 1054 1055 866 867
872 892 894 895 888 889 892 893 895 1054 872 889 893 894 897 899
876 891 898 917 919 921 852 854 872 880 895 899 876 880 882 891
896 899 880 889 891 895 897 898 901 902 906 920 922 900 902 903
906 907 911 900 901 903 901 902 908 910 911 878 905 906 921 922
923 878 879 884 904 906 907 900 901 904 905 907 922 884 901 905
906 909 911 744 903 910 720 722 748 884 907 911 744 748 750 903
908 911 748 901 903 907 909 910 913 914 918 1076 1078 912 914 915
918 919 923 912 913 915 913 914 920 922 923 890 917 918 1077 1078
1079 890 891 896 916 918 919 912 913 916 917 919 1078 896 913 917
918 921 923 900 915 922 876 878 896 904 919 923 900 904 906 915
920 923 904 913 915 919 921 922 925 926 930 944 946 969 924 926
927 930 931 935 924 925 927 952 953 969 925 926 932 934 935 953
129 929 930 945 946 947 104 106 129 928 930 931 924 925 928 929
931 946 106 925 929 930 933 935 768 927 934 953 955 957 105 106
107 772 931 935 768 772 774 927 932 935 772 925 927 931 933 934
937 938 942 1100 1102 1113 936 938 939 942 943 947 936 937 939 964
965 1113 937 938 944 946 947 965 153 941 942 1101 1102 1103 128 130
153 940 942 943 936 937 940 941 943 1102 130 937 941 942 945 947
924 939 946 965 967 969 129 130 131 928 943 947 924 928 930 939
944 947 928 937 939 943 945 946 949 950 954 968 970 993 948 950
951 954 955 959 948 949 951 976 977 993 949 950 956 958 959 977
926 953 954 969 970 971 926 927 932 952 954 955 948 949 952 953
955 970 932 949 953 954 957 959 792 951 958 977 979 981 768 770
796 932 955 959 792 796 798 951 956 959 796 949 951 955 957 958
961 962 966 1112 1114 1125 960 962 963 966 967 971 960 961 963 988
989 1125 961 962 968 970 971 989 938 965 966 1113 1114 1115 938 939
944 964 966 967 960 961 964 965 967 1114 944 961 965 966 969 971
948 963 970 989 991 993 924 926 944 952 967 971 948 952 954 963
968 971 952 961 963 967 969 970 973 974 978 992 994 1017 972 974
975 978 979 983 972 973 975 1000 1001 1017 973 974 980 982 983 1001
950 977 978 993 994 995 950 951 956 976 978 979 972 973 976 977
979 994 956 973 977 978 981 983 816 975 982 1001 1003 1005 792 794
820 956 979 983 816 820 822 975 980 983 820 973 975 979 981 982
985 986 990 1124 1126 1137 984 986 987 990 991 995 984 985 987 1012
1013 1137 985 986 992 994 995 1013 962 989 990 1125 1126 1127 962 963
968 988 990 991 984 985 988 989 991 1126 968 985 989 990 993 995
972 987 994 1013 1015 1017 948 950 968 976 991 995 972 976 978 987
992 995 976 985 987 991 993 994 997 998 1002 1016 1018 1041 996 998
999 1002 1003 1007 996 997 999 1024 1025 1041 997 998 1004 1006 1007 1025
974 1001 1002 1017 1018 1019 974 975 980 1000 1002 1003 996 997 1000 1001
1003 1018 980 997 1001 1002 1005 1007 840 999 1006 1025 1027 1029 816 818
844 980 1003 1007 840 844 846 999 1004 1007 844 997 999 1003 1005 1006
1009 1010 1014 1136 1138 1149 1008 1010 1011 1014 1015 1019 1008 1009 1011 1036
1037 1149 1009 1010 1016 1018 1019 1037 986 1013 1014 1137 1138 1139 986 987
992 1012 1014 1015 1008 1009 1012 1013 1015 1138 992 1009 1013 1014 1017 1019
996 1011 1018 1037 1039 1041 972 974 992 1000 1015 1019 996 1000 1002 1011
1016 1019 1000 1009 1011 1015 1017 1018 1021 1022 1026 1040 1042 1065 1020 1022
1023 1026 1027 1031 1020 1021 1023 1048 1049 1065 1021 1022 1028 1030 1031 1049
998 1025 1026 1041 1042 1043 998 999 1004 1024 1026 1027 1020 1021 1024 1025
1027 1042 1004 1021 1025 1026 1029 1031 864 1023 1030 1049 1051 1053 840 842
868 1004 1027 1031 864 868 870 1023 1028 1031 868 1021 1023 1027 1029 1030
1033 1034 1038 1148 1150 1161 1032 1034 1035 1038 1039 1043 1032 1033 1035 1060
1061 1161 1033 1034 1040 1042 1043 1061 1010 1037 1038 1149 1150 1151 1010 1011
1016 1036 1038 1039 1032 1033 1036 1037 1039 1150 1016 1033 1037 1038 1041 1043
1020 1035 1042 1061 1063 1065 996 998 1016 1024 1039 1043 1020 1024 1026 1035
1040 1043 1024 1033 1035 1039 1041 1042 1045 1046 1050 1064 1066 1089 1044 1046
1047 1050 1051 1055 1044 1045 1047 1072 1073 1089 1045 1046 1052 1054 1055 1073
1022 1049 1050 1065 1066 1067 1022 1023 1028 1048 1050 1051 1044 1045 1048 1049
1051 1066 1028 1045 1049 1050 1053 1055 888 1047 1054 1073 1075 1077 864 866
892 1028 1051 1055 888 892 894 1047 1052 1055 892 1045 1047 1051 1053 1054
1057 1058 1062 1160 1162 1173 1056 1058 1059 1062 1063 1067 1056 1057 1059 1084
1085 1173 1057 1058 1064 1066 1067 1085 1034 1061 1062 1161 1162 1163 1034 1035
1040 1060 1062 1063 1056 1057 1060 1061 1063 1162 1040 1057 1061 1062 1065 1067
1044 1059 1066 1085 1087 1089 1020 1022 1040 1048 1063 1067 1044 1048 1050 1059
1064 1067 1048 1057 1059 1063 1065 1066 1069 1070 1074 1088 1090 1068 1070 1071
1074 1075 1079 1068 1069 1071 1069 1070 1076 1078 1079 1046 1073 1074 1089 1090
1091 1046 1047 1052 1072 1074 1075 1068 1069 1072 1073 1075 1090 1052 1069 1073
1074 1077 1079 912 1071 1078 888 890 916 1052 1075 1079 912 916 918 1071
1076 1079 916 1069 1071 1075 1077 1078 1081 1082 1086 1172 1174 1080 1082 1083
1086 1087 1091 1080 1081 1083 1081 1082 1088 1090 1091 1058 1085 1086 1173 1174
1175 1058 1059 1064 1084 1086 1087 1080 1081 1084 1085 1087 1174 1064 1081 1085
1086 1089 1091 1068 1083 1090 1044 1046 1064 1072 1087 1091 1068 1072 1074 1083
1088 1091 1072 1081 1083 1087 1089 1090 1093 1094 1098 1092 1094 1095 1098 1099
1103 1092 1093 1095 1108 1109 1093 1094 1100 1102 1103 1109 1097 1098 152 154
1096 1098 1099 1092 1093 1096 1097 1099 154 1093 1097 1098 1101 1103 936 1095
1102 1109 1111 1113 153 154 155 940 1099 1103 936 940 942 1095 1100 1103
940 1093 1095 1099 1101 1102 1105 1106 1110 1104 1106 1107 1110 1111 1115 1104
1105 1107 1120 1121 1105 1106 1112 1114 1115 1121 1094 1109 1110 1094 1095 1100
1108 1110 1111 1104 1105 1108 1109 1111 1100 1105 1109 1110 1113 1115 960 1107
1114 1121 1123 1125 936 938 964 1100 1111 1115 960 964 966 1107 1112 1115
964 1105 1107 1111 1113 1114 1117 1118 1122 1116 1118 1119 1122 1123 1127 1116
1117 1119 1132 1133 1117 1118 1124 1126 1127 1133 1106 1121 1122 1106 1107 1112
1120 1122 1123 1116 1117 1120 1121 1123 1112 1117 1121 1122 1125 1127 984 1119
1126 1133 1135 1137 960 962 988 1112 1123 1127 984 988 990 1119 1124 1127
988 1117 1119 1123 1125 1126 1129 1130 1134 1128 1130 1131 1134 1135 1139 1128
1129 1131 1144 1145 1129 1130 1136 1138 1139 1145 1118 1133 1134 1118 1119 1124
1132 1134 1135 1128 1129 1132 1133 1135 1124 1129 1133 1134 1137 1139 1008 1131
1138 1145 1147 1149 984 986 1012 1124 1135 1139 1008 1012 1014 1131 1136 1139
1012 1129 1131 1135 1137 1138 1141 1142 1146 1140 1142 1143 1146 1147 1151 1140
1141 1143 1156 1157 1141 1142 1148 1150 1151 1157 1130 1145 1146 1130 1131 1136
1144 1146 1147 1140 1141 1144 1145 1147 1136 1141 1145 1146 1149 1151 1032 1143
1150 1157 1159 1161 1008 1010 1036 1136 1147 1151 1032 1036 1038 1143 1148 1151
1036 1141 1143 1147 1149 1150 1153 1154 1158 1152 1154 1155 1158 1159 1163 1152
1153 1155 1168 1169 1153 1154 1160 1162 1163 1169 1142 1157 1158 1142 1143 1148
1156 1158 1159 1152 1153 1156 1157 1159 1148 1153 1157 1158 1161 1163 1056 1155
1162 1169 1171 1173 1032 1034 1060 1148 1159 1163 1056 1060 1062 1155 1160 1163
1060 1153 1155 1159 1161 1162 1165 1166 1170 1164 1166 1167 1170 1171 1175 1164
1165 1167 1165 1166 1172 1174 1175 1154 1169 1170 1154 1155 1160 1168 1170 1171
1164 1165 1168 1169 1171 1160 1165 1169 1170 1173 1175 1080 1167 1174 1056 1058
1084 1160 1171 1175 1080 1084 1086 1167 1172 1175 1084 1165 1167 1171 1173 1174
1177 1178 1182 1196 1198 1221 1176 1178 1179 1182 1183 1187 1176 1177 1179 1204
1205 1221 1177 1178 1184 1186 1187 1205 621 1181 1182 1197 1198 1199 596 598
621 1180 1182 1183 1176 1177 1180 1181 1183 1198 598 1177 1181 1182 1185 1187
5 1179 1186 1205 1207 1209 9 597 598 599 1183 1187 5 7 9 1179
1184 1187 9 1177 1179 1183 1185 1186 1189 1190 1194 1352 1354 1377 1188 1190
1191 1194 1195 1199 1188 1189 1191 1216 1217 1377 1189 1190 1196 1198 1199 1217
645 1193 1194 1353 1354 1355 620 622 645 1192 1194 1195 1188 1189 1192 1193
1195 1354 622 1189 1193 1194 1197 1199 1176 1191 1198 1217 1219 1221 621 622
623 1180 1195 1199 1176 1180 1182 1191 1196 1199 1180 1189 1191 1195 1197 1198
1201 1202 1206 1220 1222 1245 1200 1202 1203 1206 1207 1211 1200 1201 1203 1228
1229 1245 1201 1202 1208 1210 1211 1229 1178 1205 1206 1221 1222 1223 1178 1179
1184 1204 1206 1207 1200 1201 1204 1205 1207 1222 1184 1201 1205 1206 1209 1211
17 1203 1210 1229 1231 1233 4 5 21 1184 1207 1211 17 19 21 1203
1208 1211 21 1201 1203 1207 1209 1210 1213 1214 1218 1376 1378 1401 1212 1214
1215 1218 1219 1223 1212 1213 1215 1240 1241 1401 1213 1214 1220 1222 1223 1241
1190 1217 1218 1377 1378 1379 1190 1191 1196 1216 1218 1219 1212 1213 1216 1217
1219 1378 1196 1213 1217 1218 1221 1223 1200 1215 1222 1241 1243 1245 1176 1178
1196 1204 1219 1223 1200 1204 1206 1215 1220 1223 1204 1213 1215 1219 1221 1222
1225 1226 1230 1244 1246 1269 1224 1226 1227 1230 1231 1235 1224 1225 1227 1252
1253 1269 1225 1226 1232 1234 1235 1253 1202 1229 1230 1245 1246 1247 1202 1203
1208 1228 1230 1231 1224 1225 1228 1229 1231 1246 1208 1225 1229 1230 1233 1235
173 1227 1234 1253 1255 1257 16 17 177 1208 1231 1235 173 175 177 1227
1232 1235 177 1225 1227 1231 1233 1234 1237 1238 1242 1400 1402 1425 1236 1238
1239 1242 1243 1247 1236 1237 1239 1264 1265 1425 1237 1238 1244 1246 1247 1265
1214 1241 1242 1401 1402 1403 1214 1215 1220 1240 1242 1243 1236 1237 1240 1241
1243 1402 1220 1237 1241 1242 1245 1247 1224 1239 1246 1265 1267 1269 1200 1202
1220 1228 1243 1247 1224 1228 1230 1239 1244 1247 1228 1237 1239 1243 1245 1246
1249 1250 1254 1268 1270 1293 1248 1250 1251 1254 1255 1259 1248 1249 1251 1276
1277 1293 1249 1250 1256 1258 1259 1277 1226 1253 1254 1269 1270 1271 1226 1227
1232 1252 1254 1255 1248 1249 1252 1253 1255 1270 1232 1249 1253 1254 1257 1259
185 1251 1258 1277 1279 1281 172 173 189 1232 1255 1259 185 187 189 1251
1256 1259 189 1249 1251 1255 1257 1258 1261 1262 1266 1424 1426 1449 1260 1262
1263 1266 1267 1271 1260 1261 1263 1288 1289 1449 1261 1262 1268 1270 1271 1289
1238 1265 1266 1425 1426 1427 1238 1239 1244 1264 1266 1267 1260 1261 1264 1265
1267 1426 1244 1261 1265 1266 1269 1271 1248 1263 1270 1289 1291 1293 1224 1226
1244 1252 1267 1271 1248 1252 1254 1263 1268 1271 1252 1261 1263 1267 1269 1270
1273 1274 1278 1292 1294 1317 1272 1274 1275 1278 1279 1283 1272 1273 1275 1300
1301 1317 1273 1274 1280 1282 1283 1301 1250 1277 1278 1293 1294 1295 1250 1251
1256 1276 1278 1279 1272 1273 1276 1277 1279 1294 1256 1273 1277 1278 1281 1283
341 1275 1282 1301 1303 1305 184 185 345 1256 1279 1283 341 343 345 1275
1280 1283 345 1273 1275 1279 1281 1282 1285 1286 1290 1448 1450 1473 1284 1286
1287 1290 1291 1295 1284 1285 1287 1312 1313 1473 1285 1286 1292 1294 1295 1313
1262 1289 1290 1449 1450 1451 1262 1263 1268 1288 1290 1291 1284 1285 1288 1289
1291 1450 1268 1285 1289 1290 1293 1295 1272 1287 1294 1313 1315 1317 1248 1250
1268 1276 1291 1295 1272 1276 1278 1287 1292 1295 1276 1285 1287 1291 1293 1294
1297 1298 1302 1316 1318 1341 1296 1298 1299 1302 1303 1307 1296 1297 1299 1324
1325 1341 1297 1298 1304 1306 1307 1325 1274 1301 1302 1317 1318 1319 1274 1275
1280 1300 1302 1303 1296 1297 1300 1301 1303 1318 1280 1297 1301 1302 1305 1307
353 1299 1306 1325 1327 1329 340 341 357 1280 1303 1307 353 355 357 1299
1304 1307 357 1297 1299 1303 1305 1306 1309 1310 1314 1472 1474 1497 1308 1310
1311 1314 1315 1319 1308 1309 1311 1336 1337 1497 1309 1310 1316 1318 1319 1337
1286 1313 1314 1473 1474 1475 1286 1287 1292 1312 1314 1315 1308 1309 1312 1313
1315 1474 1292 1309 1313 1314 1317 1319 1296 1311 1318 1337 1339 1341 1272 1274
1292 1300 1315 1319 1296 1300 1302 1311 1316 1319 1300 1309 1311 1315 1317 1318
1321 1322 1326 1340 1342 1320 1322 1323 1326 1327 1331 1320 1321 1323 1321 1322
1328 1330 1331 1298 1325 1326 1341 1342 1343 1298 1299 1304 1324 1326 1327 1320
1321 1324 1325 1327 1342 1304 1321 1325 1326 1329 1331 509 1323 1330 352 353
513 1304 1327 1331 509 511 513 1323 1328 1331 513 1321 1323 1327 1329 1330
1333 1334 1338 1496 1498 1332 1334 1335 1338 1339 1343 1332 1333 1335 1333 1334
1340 1342 1343 1310 1337 1338 1497 1498 1499 1310 1311 1316 1336 1338 1339 1332
1333 1336 1337 1339 1498 1316 1333 1337 1338 1341 1343 1320 1335 1342 1296 1298
1316 1324 1339 1343 1320 1324 1326 1335 1340 1343 1324 1333 1335 1339 1341 1342
1345 1346 1350 1364 1366 1389 1344 1346 1347 1350 1351 1355 1344 1345 1347 1372
1373 1389 1345 1346 1352 1354 1355 1373 669 1349 1350 1365 1366 1367 644 646
669 1348 1350 1351 1344 1345 1348 1349 1351 1366 646 1345 1349 1350 1353 1355
1188 1347 1354 1373 1375 1377 645 646 647 1192 1351 1355 1188 1192 1194 1347
1352 1355 1192 1345 1347 1351 1353 1354 1357 1358 1362 1520 1522 1545 1356 1358
1359 1362 1363 1367 1356 1357 1359 1384 1385 1545 1357 1358 1364 1366 1367 1385
693 1361 1362 1521 1522 1523 668 670 693 1360 1362 1363 1356 1357 1360 1361
1363 1522 670 1357 1361 1362 1365 1367 1344 1359 1366 1385 1387 1389 669 670
671 1348 1363 1367 1344 1348 1350 1359 1364 1367 1348 1357 1359 1363 1365 1366
1369 1370 1374 1388 1390 1413 1368 1370 1371 1374 1375 1379 1368 1369 1371 1396
1397 1413 1369 1370 1376 1378 1379 1397 1346 1373 1374 1389 1390 1391 1346 1347
1352 1372 1374 1375 1368 1369 1372 1373 1375 1390 1352 1369 1373 1374 1377 1379
1212 1371 1378 1397 1399 1401 1188 1190 1216 1352 1375 1379 1212 1216 1218 1371
1376 1379 1216 1369 1371 1375 1377 1378 1381 1382 1386 1544 1546 1569 1380 1382
1383 1386 1387 1391 1380 1381 1383 1408 1409 1569 1381 1382 1388 1390 1391 1409
1358 1385 1386 1545 1546 1547 1358 1359 1364 1384 1386 1387 1380 1381 1384 1385
1387 1546 1364 1381 1385 1386 1389 1391 1368 1383 1390 1409 1411 1413 1344 1346
1364 1372 1387 1391 1368 1372 1374 1383 1388 1391 1372 1381 1383 1387 1389 1390
1393 1394 1398 1412 1414 1437 1392 1394 1395 1398 1399 1403 1392 1393 1395 1420
1421 1437 1393 1394 1400 1402 1403 1421 1370 1397 1398 1413 1414 1415 1370 1371
1376 1396 1398 1399 1392 1393 1396 1397 1399 1414 1376 1393 1397 1398 1401 1403
1236 1395 1402 1421 1423 1425 1212 1214 1240 1376 1399 1403 1236 1240 1242 1395
1400 1403 1240 1393 1395 1399 1401 1402 1405 1406 1410 1568 1570 1593 1404 1406
1407 1410 1411 1415 1404 1405 1407 1432 1433 1593 1405 1406 1412 1414 1415 1433
1382 1409 1410 1569 1570 1571 1382 1383 1388 1408 1410 1411 1404 1405 1408 1409
1411 1570 1388 1405 1409 1410 1413 1415 1392 1407 1414 1433 1435 1437 1368 1370
1388 1396 1411 1415 1392 1396 1398 1407 1412 1415 1396 1405 1407 1411 1413 1414
1417 1418 1422 1436 1438 1461 1416 1418 1419 1422 1423 1427 1416 1417 1419 1444
1445 1461 1417 1418 1424 1426 1427 1445 1394 1421 1422 1437 1438 1439 1394 1395
1400 1420 1422 1423 1416 1417 1420 1421 1423 1438 1400 1417 1421 1422 1425 1427
1260 1419 1426 1445 1447 1449 1236 1238 1264 1400 1423 1427 1260 1264 1266 1419
1424 1427 1264 1417 1419 1423 1425 1426 1429 1430 1434 1592 1594 1617 1428 1430
1431 1434 1435 1439 1428 1429 1431 1456 1457 1617 1429 1430 1436 1438 1439 1457
1406 1433 1434 1593 1594 1595 1406 1407 1412 1432 1434 1435 1428 1429 1432 1433
1435 1594 1412 1429 1433 1434 1437 1439 1416 1431 1438 1457 1459 1461 1392 1394
1412 1420 1435 1439 1416 1420 1422 1431 1436 1439 1420 1429 1431 1435 1437 1438
1441 1442 1446 1460 1462 1485 1440 1442 1443 1446 1447 1451 1440 1441 1443 1468
1469 1485 1441 1442 1448 1450 1451 1469 1418 1445 1446 1461 1462 1463 1418 1419
1424 1444 1446 1447 1440 1441 1444 1445 1447 1462 1424 1441 1445 1446 1449 1451
1284 1443 1450 1469 1471 1473 1260 1262 1288 1424 1447 1451 1284 1288 1290 1443
1448 1451 1288 1441 1443 1447 1449 1450 1453 1454 1458 1616 1618 1641 1452 1454
1455 1458 1459 1463 1452 1453 1455 1480 1481 1641 1453 1454 1460 1462 1463 1481
1430 1457 1458 1617 1618 1619 1430 1431 1436 1456 1458 1459 1452 1453 1456 1457
1459 1618 1436 1453 1457 1458 1461 1463 1440 1455 1462 1481 1483 1485 1416 1418
1436 1444 1459 1463 1440 1444 1446 1455 1460 1463 1444 1453 1455 1459 1461 1462
1465 1466 1470 1484 1486 1509 1464 1466 1467 1470 1471 1475 1464 1465 1467 1492
1493 1509 1465 1466 1472 1474 1475 1493 1442 1469 1470 1485 1486 1487 1442 1443
1448 1468 1470 1471 1464 1465 1468 1469 1471 1486 1448 1465 1469 1470 1473 1475
1308 1467 1474 1493 1495 1497 1284 1286 1312 1448 1471 1475 1308 1312 1314 1467
1472 1475 1312 1465 1467 1471 1473 1474 1477 1478 1482 1640 1642 1665 1476 1478
1479 1482 1483 1487 1476 1477 1479 1504 1505 1665 1477 1478 1484 1486 1487 1505
1454 1481 1482 1641 1642 1643 1454 1455 1460 1480 1482 1483 1476 1477 1480 1481
1483 1642 1460 1477 1481 1482 1485 1487 1464 1479 1486 1505 1507 1509 1440 1442
1460 1468 1483 1487 1464 1468 1470 1479 1484 1487 1468 1477 1479 1483 1485 1486
1489 1490 1494 1508 1510 1488 1490 1491 1494 1495 1499 1488 1489 1491 1489 1490
1496 1498 1499 1466 1493 1494 1509 1510 1511 1466 1467 1472 1492 1494 1495 1488
1489 1492 1493 1495 1510 1472 1489 1493 1494 1497 1499 1332 1491 1498 1308 1310
1336 1472 1495 1499 1332 1336 1338 1491 1496 1499 1336 1489 1491 1495 1497 1498
1501 1502 1506 1664 1666 1500 1502 1503 1506 1507 1511 1500 1501 1503 1501 1502
1508 1510 1511 1478 1505 1506 1665 1666 1667 1478 1479 1484 1504 1506 1507 1500
1501 1504 1505 1507 1666 1484 1501 1505 1506 1509 1511 1488 1503 1510 1464 1466
1484 1492 1507 1511 1488 1492 1494 1503 1508 1511 1492 1501 1503 1507 1509 1510
1513 1514 1518 1532 1534 1557 1512 1514 1515 1518 1519 1523 1512 1513 1515 1540
1541 1557 1513 1514 1520 1522 1523 1541 717 1517 1518 1533 1534 1535 692 694
717 1516 1518 1519 1512 1513 1516 1517 1519 1534 694 1513 1517 1518 1521 1523
1356 1515 1522 1541 1543 1545 693 694 695 1360 1519 1523 1356 1360 1362 1515
1520 1523 1360 1513 1515 1519 1521 1522 1525 1526 1530 1688 1690 1701 1524 1526
1527 1530 1531 1535 1524 1525 1527 1552 1553 1701 1525 1526 1532 1534 1535 1553
741 1529 1530 1689 1690 1691 716 718 741 1528 1530 1531 1524 1525 1528 1529
1531 1690 718 1525 1529 1530 1533 1535 1512 1527 1534 1553 1555 1557 717 718
719 1516 1531 1535 1512 1516 1518 1527 1532 1535 1516 1525 1527 1531 1533 1534
1537 1538 1542 1556 1558 1581 1536 1538 1539 1542 1543 1547 1536 1537 1539 1564
1565 1581 1537 1538 1544 1546 1547 1565 1514 1541 1542 1557 1558 1559 1514 1515
1520 1540 1542 1543 1536 1537 1540 1541 1543 1558 1520 1537 1541 1542 1545 1547
1380 1539 1546 1565 1567 1569 1356 1358 1384 1520 1543 1547 1380 1384 1386 1539
1544 1547 1384 1537 1539 1543 1545 1546 1549 1550 1554 1700 1702 1713 1548 1550
1551 1554 1555 1559 1548 1549 1551 1576 1577 1713 1549 1550 1556 1558 1559 1577
1526 1553 1554 1701 1702 1703 1526 1527 1532 1552 1554 1555 1548 1549 1552 1553
1555 1702 1532 1549 1553 1554 1557 1559 1536 1551 1558 1577 1579 1581 1512 1514
1532 1540 1555 1559 1536 1540 1542 1551 1556 1559 1540 1549 1551 1555 1557 1558
1561 1562 1566 1580 1582 1605 1560 1562 1563 1566 1567 1571 1560 1561 1563 1588
1589 1605 1561 1562 1568 1570 1571 1589 1538 1565 1566 1581 1582 1583 1538 1539
1544 1564 1566 1567 1560 1561 1564 1565 1567 1582 1544 1561 1565 1566 1569 1571
1404 1563 1570 1589 1591 1593 1380 1382 1408 1544 1567 1571 1404 1408 1410 1563
1568 1571 1408 1561 1563 1567 1569 1570 1573 1574 1578 1712 1714 1725 1572 1574
1575 1578 1579 1583 1572 1573 1575 1600 1601 1725 1573 1574 1580 1582 1583 1601
1550 1577 1578 1713 1714 1715 1550 1551 1556 1576 1578 1579 1572 1573 1576 1577
1579 1714 1556 1573 1577 1578 1581 1583 1560 1575 1582 1601 1603 1605 1536 1538
1556 1564 1579 1583 1560 1564 1566 1575 1580 1583 1564 1573 1575 1579 1581 1582
1585 1586 1590 1604 1606 1629 1584 1586 1587 1590 1591 1595 1584 1585 1587 1612
1613 1629 1585 1586 1592 1594 1595 1613 1562 1589 1590 1605 1606 1607 1562 1563
1568 1588 1590 1591 1584 1585 1588 1589 1591 1606 1568 1585 1589 1590 1593 1595
1428 1587 1594 1613 1615 1617 1404 1406 1432 1568 1591 1595 1428 1432 1434 1587
1592 1595 1432 1585 1587 1591 1593 1594 1597 1598 1602 1724 1726 1737 1596 1598
1599 1602 1603 1607 1596 1597 1599 1624 1625 1737 1597 1598 1604 1606 1607 1625
1574 1601 1602 1725 1726 1727 1574 1575 1580 1600 1602 1603 1596 1597 1600 1601
1603 1726 1580 1597 1601 1602 1605 1607 1584 1599 1606 1625 1627 1629 1560 1562
1580 1588 1603 1607 1584 1588 1590 1599 1604 1607 1588 1597 1599 1603 1605 1606
1609 1610 1614 1628 1630 1653 1608 1610 1611 1614 1615 1619 1608 1609 1611 1636
1637 1653 1609 1610 1616 1618 1619 1637 1586 1613 1614 1629 1630 1631 1586 1587
1592 1612 1614 1615 1608 1609 1612 1613 1615 1630 1592 1609 1613 1614 1617 1619
1452 1611 1618 1637 1639 1641 1428 1430 1456 1592 1615 1619 1452 1456 1458 1611
1616 1619 1456 1609 1611 1615 1617 1618 1621 1622 1626 1736 1738 1749 1620 1622
1623 1626 1627 1631 1620 1621 1623 1648 1649 1749 1621 1622 1628 1630 1631 1649
1598 1625 1626 1737 1738 1739 1598 1599 1604 1624 1626 1627 1620 1621 1624 1625
1627 1738 1604 1621 1625 1626 1629 1631 1608 1623 1630 1649 1651 1653 1584 1586
1604 1612 1627 1631 1608 1612 1614 1623 1628 1631 1612 1621 1623 1627 1629 1630
1633 1634 1638 1652 1654 1677 1632 1634 1635 1638 1639 1643 1632 1633 1635 1660
1661 1677 1633 1634 1640 1642 1643 1661 1610 1637 1638 1653 1654 1655 1610 1611
1616 1636 1638 1639 1632 1633 1636 1637 1639 1654 1616 1633 1637 1638 1641 1643
1476 1635 1642 1661 1663 1665 1452 1454 1480 1616 1639 1643 1476 1480 1482 1635
1640 1643 1480 1633 1635 1639 1641 1642 1645 1646 1650 1748 1750 1761 1644 1646
1647 1650 1651 1655 1644 1645 1647 1672 1673 1761 1645 1646 1652 1654 1655 1673
1622 1649 1650 1749 1750 1751 1622 1623 1628 1648 1650 1651 1644 1645 1648 1649
1651 1750 1628 1645 1649 1650 1653 1655 1632 1647 1654 1673 1675 1677 1608 1610
1628 1636 1651 1655 1632 1636 1638 1647 1652 1655 1636 1645 1647 1651 1653 1654
1657 1658 1662 1676 1678 1656 1658 1659 1662 1663 1667 1656 1657 1659 1657 1658
1664 1666 1667 1634 1661 1662 1677 1678 1679 1634 1635 1640 1660 1662 1663 1656
1657 1660 1661 1663 1678 1640 1657 1661 1662 1665 1667 1500 1659 1666 1476 1478
1504 1640 1663 1667 1500 1504 1506 1659 1664 1667 1504 1657 1659 1663 1665 1666
1669 1670 1674 1760 1762 1668 1670 1671 1674 1675 1679 1668 1669 1671 1669 1670
1676 1678 1679 1646 1673 1674 1761 1762 1763 1646 1647 1652 1672 1674 1675 1668
1669 1672 1673 1675 1762 1652 1669 1673 1674 1677 1679 1656 1671 1678 1632 1634
1652 1660 1675 1679 1656 1660 1662 1671 1676 1679 1660 1669 1671 1675 1677 1678
1681 1682 1686 1680 1682 1683 1686 1687 1691 1680 1681 1683 1696 1697 1681 1682
1688 1690 1691 1697 1685 1686 740 742 1684 1686 1687 1680 1681 1684 1685 1687
742 1681 1685 1686 1689 1691 1524 1683 1690 1697 1699 1701 741 742 743 1528
1687 1691 1524 1528 1530 1683 1688 1691 1528 1681 1683 1687 1689 1690 1693 1694
1698 1692 1694 1695 1698 1699 1703 1692 1693 1695 1708 1709 1693 1694 1700 1702
1703 1709 1682 1697 1698 1682 1683 1688 1696 1698 1699 1692 1693 1696 1697 1699
1688 1693 1697 1698 1701 1703 1548 1695 1702 1709 1711 1713 1524 1526 1552 1688
1699 1703 1548 1552 1554 1695 1700 1703 1552 1693 1695 1699 1701 1702 1705 1706
1710 1704 1706 1707 1710 1711 1715 1704 1705 1707 1720 1721 1705 1706 1712 1714
1715 1721 1694 1709 1710 1694 1695 1700 1708 1710 1711 1704 1705 1708 1709 1711
1700 1705 1709 1710 1713 1715 1572 1707 1714 1721 1723 1725 1548 1550 1576 1700
1711 1715 1572 1576 1578 1707 1712 1715 1576 1705 1707 1711 1713 1714 1717 1718
1722 1716 1718 1719 1722 1723 1727 1716 1717 1719 1732 1733 1717 1718 1724 1726
1727 1733 1706 1721 1722 1706 1707 1712 1720 1722 1723 1716 1717 1720 1721 1723
1712 1717 1721 1722 1725 1727 1596 1719 1726 1733 1735 1737 1572 1574 1600 1712
1723 1727 1596 1600 1602 1719 1724 1727 1600 1717 1719 1723 1725 1726 1729 1730
1734 1728 1730 1731 1734 1735 1739 1728 1729 1731 1744 1745 1729 1730 1736 1738
1739 1745 1718 1733 1734 1718 1719 1724 1732 1734 1735 1728 1729 1732 1733 1735
1724 1729 1733 1734 1737 1739 1620 1731 1738 1745 1747 1749 1596 1598 1624 1724
1735 1739 1620 1624 1626 1731 1736 1739 1624 1729 1731 1735 1737 1738 1741 1742
1746 1740 1742 1743 1746 1747 1751 1740 1741 1743 1756 1757 1741 1742 1748 1750
1751 1757 1730 1745 1746 1730 1731 1736 1744 1746 1747 1740 1741 1744 1745 1747
1736 1741 1745 1746 1749 1751 1644 1743 1750 1757 1759 1761 1620 1622 1648 1736
1747 1751 1644 1648 1650 1743 1748 1751 1648 1741 1743 1747 1749 1750 1753 1754
1758 1752 1754 1755 1758 1759 1763 1752 1753 1755 1753 1754 1760 1762 1763 1742
1757 1758 1742 1743 1748 1756 1758 1759 1752 1753 1756 1757 1759 1748 1753 1757
1758 1761 1763 1668 1755 1762 1644 1646 1672 1748 1759 1763 1668 1672 1674 1755
1760 1763 1672 1753 1755 1759 1761 1762
